000001111010101000011100
000001111010101000011101
000001111010101000011110
000001111010101000011111
000001111010101000100000
000001111010101000100001
000001111010101000100010
000001111010101000100011
000001111010101000100100
000001111010101000100101
000001111010101000100110
000001111010101000100111
000001111010101000101000
000001111010101000101001
000001111010101000101010
000001111010101000101011
000001111010101000101100
000001111010101000101101
000001111010101000101110
000001111010101000101111
000001111010101000110000
000001111010101000110001
000001111010101000110010
000001111010101000110011
000001111010101000110100
000001111010101000110101
000001111010101000110110
000001111010101000110111
000001111010101000111000
000001111010101000111001
000001111010101000111010
000001111010101000111011
000001111010101000111100
000001111010101000111101
000001111010101000111110
000001111010101000111111
000001111010101001000000
000001111010101001000001
000001111010101001000010
000001111010101001000011
000001111010101001000100
000001111010101001000101
000001111010101001000110
000001111010101001000111
000001111010101001001000
000001111010101001001001
000001111010101001001010
000001111010101001001011
000001111010101001001100
000001111010101001001101
000001111010101001001110
000001111010101001001111
000001111010101001010000
000001111010101001010001
000001111010101001010010
000001111010101001010011
000001111010101001010100
000001111010101001010101
000001111010101001010110
000001111010101001010111
000001111010101001011000
000001111010101001011001
000001111010101001011010
000001111010101001011011
000001111010101001011100
000001111010101001011101
000001111010101001011110
000001111010101001011111
000001111010101001100000
000001111010101001100001
000001111010101001100010
000001111010101001100011
000001111010101001100100
000001111010101001100101
000001111010101001100110
000001111010101001100111
000001111010101001101000
000001111010101001101001
000001111010101001101010
000001111010101001101011
000001111010101001101100
000001111010101001101101
000001111010101001101110
000001111010101001101111
000001111010101001110000
000001111010101001110001
000001111010101001110010
000001111010101001110011
000001111010101001110100
000001111010101001110101
000001111010101001110110
000001111010101001110111
000001111010101001111000
000001111010101001111001
000001111010101001111010
000001111010101001111011
000001111010101001111100
000001111010101001111101
000001111010101001111110
000001111010101001111111
000001111010101010000000
000001111010101010000001
000001111010101010000010
000001111010101010000011
000001111010101010000100
000001111010101010000101
000001111010101010000110
000001111010101010000111
000001111010101010001000
000001111010101010001001
000001111010101010001010
000001111010101010001011
000001111010101010001100
000001111010101010001101
000001111010101010001110
000001111010101010001111
000001111010101010010000
000001111010101010010001
000001111010101010010010
000001111010101010010011
000001111010101010010100
000001111010101010010101
000001111010101010010110
000001111010101010010111
000001111010101010011000
000001111010101010011001
000001111010101010011010
000001111010101010011011
000001111010101010011100
000001111010101010011101
000001111010101010011110
000001111010101010011111
000001111010101010100000
000001111010101010100001
000001111010101010100010
000001111010101010100011
000001111010101010100100
000001111010101010100101
000001111010101010100110
000001111010101010100111
000001111010101010101000
000001111010101010101001
000001111010101010101010
000001111010101010101011
000001111010101010101100
000001111010101010101101
000001111010101010101110
000001111010101010101111
000001111010101010110000
000001111010101010110001
000001111010101010110010
000001111010101010110011
000001111010101010110100
000001111010101010110101
000001111010101010110110
000001111010101010110111
000001111010101010111000
000001111010101010111001
000001111010101010111010
000001111010101010111011
000001111010101010111100
000001111010101010111101
000001111010101010111110
000001111010101010111111
000001111010101011000000
000001111010101011000001
000001111010101011000010
000001111010101011000011
000001111010101011000100
000001111010101011000101
000001111010101011000110
000001111010101011000111
000001111010101011001000
000001111010101011001001
000001111010101011001010
000001111010101011001011
000001111010101011001100
000001111010101011001101
000001111010101011001110
000001111010101011001111
000001111010101011010000
000001111010101011010001
000001111010101011010010
000001111010101011010011
000001111010101011010100
000001111010101011010101
000001111010101011010110
000001111010101011010111
000001111010101011011000
000001111010101011011001
000001111010101011011010
000001111010101011011011
000001111010101011011100
000001111010101011011101
000001111010101011011110
000001111010101011011111
000001111010101011100000
000001111010101011100001
000001111010101011100010
000001111010101011100011
000001111010101011100100
000001111010101011100101
000001111010101011100110
000001111010101011100111
000001111010101011101000
000001111010101011101001
000001111010101011101010
000001111010101011101011
000001111010101011101100
000001111010101011101101
000001111010101011101110
000001111010101011101111
000001111010101011110000
000001111010101011110001
000001111010101011110010
000001111010101011110011
000001111010101011110100
000001111010101011110101
000001111010101011110110
000001111010101011110111
000001111010101011111000
000001111010101011111001
000001111010101011111010
000001111010101011111011
000001111010101011111100
000001111010101011111101
000001111010101011111110
000001111010101011111111
000001111010101100000000
000001111010101100000001
000001111010101100000010
000001111010101100000011
000001111010101100000100
000001111010101100000101
000001111010101100000110
000001111010101100000111
000001111010101100001000
000001111010101100001001
000001111010101100001010
000001111010101100001011
000001111010101100001100
000001111010101100001101
000001111010101100001110
000001111010101100001111
000001111010101100010000
000001111010101100010001
000001111010101100010010
000001111010101100010011
000001111010101100010100
000001111010101100010101
000001111010101100010110
000001111010101100010111
000001111010101100011000
000001111010101100011001
000001111010101100011010
000001111010101100011011
000001111010101100011100
000001111010101100011101
000001111010101100011110
000001111010101100011111
000001111010101100100000
000001111010101100100001
000001111010101100100010
000001111010101100100011
000001111010101100100100
000001111010101100100101
000001111010101100100110
000001111010101100100111
000001111010101100101000
000001111010101100101001
000001111010101100101010
000001111010101100101011
000001111010101100101100
000001111010101100101101
000001111010101100101110
000001111010101100101111
000001111010101100110000
000001111010101100110001
000001111010101100110010
000001111010101100110011
000001111010101100110100
000001111010101100110101
000001111010101100110110
000001111010101100110111
000001111010101100111000
000001111010101100111001
000001111010101100111010
000001111010101100111011
000001111010101100111100
000001111010101100111101
000001111010101100111110
000001111010101100111111
000001111010101101000000
000001111010101101000001
000001111010101101000010
000001111010101101000011
000001111010101101000100
000001111010101101000101
000001111010101101000110
000001111010101101000111
000001111010101101001000
000001111010101101001001
000001111010101101001010
000001111010101101001011
000001111010101101001100
000001111010101101001101
000001111010101101001110
000001111010101101001111
000001111010101101010000
000001111010101101010001
000001111010101101010010
000001111010101101010011
000001111010101101010100
000001111010101101010101
000001111010101101010110
000001111010101101010111
000001111010101101011000
000001111010101101011001
000001111010101101011010
000001111010101101011011
000001111010101101011100
000001111010101101011101
000001111010101101011110
000001111010101101011111
000001111010101101100000
000001111010101101100001
000001111010101101100010
000001111010101101100011
000001111010101101100100
000001111010101101100101
000001111010101101100110
000001111010101101100111
000001111010101101101000
000001111010101101101001
000001111010101101101010
000001111010101101101011
000001111010101101101100
000001111010101101101101
000001111010101101101110
000001111010101101101111
000001111010101101110000
000001111010101101110001
000001111010101101110010
000001111010101101110011
000001111010101101110100
000001111010101101110101
000001111010101101110110
000001111010101101110111
000001111010101101111000
000001111010101101111001
000001111010101101111010
000001111010101101111011
000001111010101101111100
000001111010101101111101
000001111010101101111110
000001111010101101111111
000001111010101110000000
000001111010101110000001
000001111010101110000010
000001111010101110000011
000001111010101110000100
000001111010101110000101
000001111010101110000110
000001111010101110000111
000001111010101110001000
000001111010101110001001
000001111010101110001010
000001111010101110001011
000001111010101110001100
000001111010101110001101
000001111010101110001110
000001111010101110001111
000001111010101110010000
000001111010101110010001
000001111010101110010010
000001111010101110010011
000001111010101110010100
000001111010101110010101
000001111010101110010110
000001111010101110010111
000001111010101110011000
000001111010101110011001
000001111010101110011010
000001111010101110011011
000001111010101110011100
000001111010101110011101
000001111010101110011110
000001111010101110011111
000001111010101110100000
000001111010101110100001
000001111010101110100010
000001111010101110100011
000001111010101110100100
000001111010101110100101
000001111010101110100110
000001111010101110100111
000001111010101110101000
000001111010101110101001
000001111010101110101010
000001111010101110101011
000001111010101110101100
000001111010101110101101
000001111010101110101110
000001111010101110101111
000001111010101110110000
000001111010101110110001
000001111010101110110010
000001111010101110110011
000001111010101110110100
000001111010101110110101
000001111010101110110110
000001111010101110110111
000001111010101110111000
000001111010101110111001
000001111010101110111010
000001111010101110111011
000001111010101110111100
000001111010101110111101
000001111010101110111110
000001111010101110111111
000001111010101111000000
000001111010101111000001
000001111010101111000010
000001111010101111000011
000001111010101111000100
000001111010101111000101
000001111010101111000110
000001111010101111000111
000001111010101111001000
000001111010101111001001
000001111010101111001010
000001111010101111001011
000001111010101111001100
000001111010101111001101
000001111010101111001110
000001111010101111001111
000001111010101111010000
000001111010101111010001
000001111010101111010010
000001111010101111010011
000001111010101111010100
000001111010101111010101
000001111010101111010110
000001111010101111010111
000001111010101111011000
000001111010101111011001
000001111010101111011010
000001111010101111011011
000001111010101111011100
000001111010101111011101
000001111010101111011110
000001111010101111011111
000001111010101111100000
000001111010101111100001
000001111010101111100010
000001111010101111100011
000001111010101111100100
000001111010101111100101
000001111010101111100110
000001111010101111100111
000001111010101111101000
000001111010101111101001
000001111010101111101010
000001111010101111101011
000001111010101111101100
000001111010101111101101
000001111010101111101110
000001111010101111101111
000001111010101111110000
000001111010101111110001
000001111010101111110010
000001111010101111110011
000001111010101111110100
000001111010101111110101
000001111010101111110110
000001111010101111110111
000001111010101111111000
000001111010101111111001
000001111010101111111010
000001111010101111111011
000001111010101111111100
000001111010101111111101
000001111010101111111110
000001111010101111111111
000001111010110000000000
000001111010110000000001
000001111010110000000010
000001111010110000000011
000001111010110000000100
000001111010110000000101
000001111010110000000110
000001111010110000000111
000001111010110000001000
000001111010110000001001
000001111010110000001010
000001111010110000001011
000001111010110000001100
000001111010110000001101
000001111010110000001110
000001111010110000001111
000001111010110000010000
000001111010110000010001
000001111010110000010010
000001111010110000010011
000001111010110000010100
000001111010110000010101
000001111010110000010110
000001111010110000010111
000001111010110000011000
000001111010110000011001
000001111010110000011010
000001111010110000011011
000001111010110000011100
000001111010110000011101
000001111010110000011110
000001111010110000011111
000001111010110000100000
000001111010110000100001
000001111010110000100010
000001111010110000100011
000001111010110000100100
000001111010110000100101
000001111010110000100110
000001111010110000100111
000001111010110000101000
000001111010110000101001
000001111010110000101010
000001111010110000101011
000001111010110000101100
000001111010110000101101
000001111010110000101110
000001111010110000101111
000001111010110000110000
000001111010110000110001
000001111010110000110010
000001111010110000110011
000001111010110000110100
000001111010110000110101
000001111010110000110110
000001111010110000110111
000001111010110000111000
000001111010110000111001
000001111010110000111010
000001111010110000111011
000001111010110000111100
000001111010110000111101
000001111010110000111110
000001111010110000111111
000001111010110001000000
000001111010110001000001
000001111010110001000010
000001111010110001000011
000001111010110001000100
000001111010110001000101
000001111010110001000110
000001111010110001000111
000001111010110001001000
000001111010110001001001
000001111010110001001010
000001111010110001001011
000001111010110001001100
000001111010110001001101
000001111010110001001110
000001111010110001001111
000001111010110001010000
000001111010110001010001
000001111010110001010010
000001111010110001010011
000001111010110001010100
000001111010110001010101
000001111010110001010110
000001111010110001010111
000001111010110001011000
000001111010110001011001
000001111010110001011010
000001111010110001011011
000001111010110001011100
000001111010110001011101
000001111010110001011110
000001111010110001011111
000001111010110001100000
000001111010110001100001
000001111010110001100010
000001111010110001100011
000001111010110001100100
000001111010110001100101
000001111010110001100110
000001111010110001100111
000001111010110001101000
000001111010110001101001
000001111010110001101010
000001111010110001101011
000001111010110001101100
000001111010110001101101
000001111010110001101110
000001111010110001101111
000001111010110001110000
000001111010110001110001
000001111010110001110010
000001111010110001110011
000001111010110001110100
000001111010110001110101
000001111010110001110110
000001111010110001110111
000001111010110001111000
000001111010110001111001
000001111010110001111010
000001111010110001111011
000001111010110001111100
000001111010110001111101
000001111010110001111110
000001111010110001111111
000001111010110010000000
000001111010110010000001
000001111010110010000010
000001111010110010000011
000001111010110010000100
000001111010110010000101
000001111010110010000110
000001111010110010000111
000001111010110010001000
000001111010110010001001
000001111010110010001010
000001111010110010001011
000001111010110010001100
000001111010110010001101
000001111010110010001110
000001111010110010001111
000001111010110010010000
000001111010110010010001
000001111010110010010010
000001111010110010010011
000001111010110010010100
000001111010110010010101
000001111010110010010110
000001111010110010010111
000001111010110010011000
000001111010110010011001
000001111010110010011010
000001111010110010011011
000001111010110010011100
000001111010110010011101
000001111010110010011110
000001111010110010011111
000001111010110010100000
000001111010110010100001
000001111010110010100010
000001111010110010100011
000001111010110010100100
000001111010110010100101
000001111010110010100110
000001111010110010100111
000001111010110010101000
000001111010110010101001
000001111010110010101010
000001111010110010101011
000001111010110010101100
000001111010110010101101
000001111010110010101110
000001111010110010101111
000001111010110010110000
000001111010110010110001
000001111010110010110010
000001111010110010110011
000001111010110010110100
000001111010110010110101
000001111010110010110110
000001111010110010110111
000001111010110010111000
000001111010110010111001
000001111010110010111010
000001111010110010111011
000001111010110010111100
000001111010110010111101
000001111010110010111110
000001111010110010111111
000001111010110011000000
000001111010110011000001
000001111010110011000010
000001111010110011000011
000001111010110011000100
000001111010110011000101
000001111010110011000110
000001111010110011000111
000001111010110011001000
000001111010110011001001
000001111010110011001010
000001111010110011001011
000001111010110011001100
000001111010110011001101
000001111010110011001110
000001111010110011001111
000001111010110011010000
000001111010110011010001
000001111010110011010010
000001111010110011010011
000001111010110011010100
000001111010110011010101
000001111010110011010110
000001111010110011010111
000001111010110011011000
000001111010110011011001
000001111010110011011010
000001111010110011011011
000001111010110011011100
000001111010110011011101
000001111010110011011110
000001111010110011011111
000001111010110011100000
000001111010110011100001
000001111010110011100010
000001111010110011100011
000001111010110011100100
000001111010110011100101
000001111010110011100110
000001111010110011100111
000001111010110011101000
000001111010110011101001
000001111010110011101010
000001111010110011101011
000001111010110011101100
000001111010110011101101
000001111010110011101110
000001111010110011101111
000001111010110011110000
000001111010110011110001
000001111010110011110010
000001111010110011110011
000001111010110011110100
000001111010110011110101
000001111010110011110110
000001111010110011110111
000001111010110011111000
000001111010110011111001
000001111010110011111010
000001111010110011111011
000001111010110011111100
000001111010110011111101
000001111010110011111110
000001111010110011111111
000001111010110100000000
000001111010110100000001
000001111010110100000010
000001111010110100000011
000001111010110100000100
000001111010110100000101
000001111010110100000110
000001111010110100000111
000001111010110100001000
000001111010110100001001
000001111010110100001010
000001111010110100001011
000001111010110100001100
000001111010110100001101
000001111010110100001110
000001111010110100001111
000001111010110100010000
000001111010110100010001
000001111010110100010010
000001111010110100010011
000001111010110100010100
000001111010110100010101
000001111010110100010110
000001111010110100010111
000001111010110100011000
000001111010110100011001
000001111010110100011010
000001111010110100011011
000001111010110100011100
000001111010110100011101
000001111010110100011110
000001111010110100011111
000001111010110100100000
000001111010110100100001
000001111010110100100010
000001111010110100100011
000001111010110100100100
000001111010110100100101
000001111010110100100110
000001111010110100100111
000001111010110100101000
000001111010110100101001
000001111010110100101010
000001111010110100101011
000001111010110100101100
000001111010110100101101
000001111010110100101110
000001111010110100101111
000001111010110100110000
000001111010110100110001
000001111010110100110010
000001111010110100110011
000001111010110100110100
000001111010110100110101
000001111010110100110110
000001111010110100110111
000001111010110100111000
000001111010110100111001
000001111010110100111010
000001111010110100111011
000001111010110100111100
000001111010110100111101
000001111010110100111110
000001111010110100111111
000001111010110101000000
000001111010110101000001
000001111010110101000010
000001111010110101000011
000001111010110101000100
000001111010110101000101
000001111010110101000110
000001111010110101000111
000001111010110101001000
000001111010110101001001
000001111010110101001010
000001111010110101001011
000001111010110101001100
000001111010110101001101
000001111010110101001110
000001111010110101001111
000001111010110101010000
000001111010110101010001
000001111010110101010010
000001111010110101010011
000001111010110101010100
000001111010110101010101
000001111010110101010110
000001111010110101010111
000001111010110101011000
000001111010110101011001
000001111010110101011010
000001111010110101011011
000001111010110101011100
000001111010110101011101
000001111010110101011110
000001111010110101011111
000001111010110101100000
000001111010110101100001
000001111010110101100010
000001111010110101100011
000001111010110101100100
000001111010110101100101
000001111010110101100110
000001111010110101100111
000001111010110101101000
000001111010110101101001
000001111010110101101010
000001111010110101101011
000001111010110101101100
000001111010110101101101
000001111010110101101110
000001111010110101101111
000001111010110101110000
000001111010110101110001
000001111010110101110010
000001111010110101110011
000001111010110101110100
000001111010110101110101
000001111010110101110110
000001111010110101110111
000001111010110101111000
000001111010110101111001
000001111010110101111010
000001111010110101111011
000001111010110101111100
000001111010110101111101
000001111010110101111110
000001111010110101111111
000001111010110110000000
000001111010110110000001
000001111010110110000010
000001111010110110000011
000001111010110110000100
000001111010110110000101
000001111010110110000110
000001111010110110000111
000001111010110110001000
000001111010110110001001
000001111010110110001010
000001111010110110001011
000001111010110110001100
000001111010110110001101
000001111010110110001110
000001111010110110001111
000001111010110110010000
000001111010110110010001
000001111010110110010010
000001111010110110010011
000001111010110110010100
000001111010110110010101
000001111010110110010110
000001111010110110010111
000001111010110110011000
000001111010110110011001
000001111010110110011010
000001111010110110011011
000001111010110110011100
000001111010110110011101
000001111010110110011110
000001111010110110011111
000001111010110110100000
000001111010110110100001
000001111010110110100010
000001111010110110100011
000001111010110110100100
000001111010110110100101
000001111010110110100110
000001111010110110100111
000001111010110110101000
000001111010110110101001
000001111010110110101010
000001111010110110101011
000001111010110110101100
000001111010110110101101
000001111010110110101110
000001111010110110101111
000001111010110110110000
000001111010110110110001
000001111010110110110010
000001111010110110110011
000001111010110110110100
000001111010110110110101
000001111010110110110110
000001111010110110110111
000001111010110110111000
000001111010110110111001
000001111010110110111010
000001111010110110111011
000001111010110110111100
000001111010110110111101
000001111010110110111110
000001111010110110111111
000001111010110111000000
000001111010110111000001
000001111010110111000010
000001111010110111000011
000001111010110111000100
000001111010110111000101
000001111010110111000110
000001111010110111000111
000001111010110111001000
000001111010110111001001
000001111010110111001010
000001111010110111001011
000001111010110111001100
000001111010110111001101
000001111010110111001110
000001111010110111001111
000001111010110111010000
000001111010110111010001
000001111010110111010010
000001111010110111010011
000001111010110111010100
000001111010110111010101
000001111010110111010110
000001111010110111010111
000001111010110111011000
000001111010110111011001
000001111010110111011010
000001111010110111011011
000001111010110111011100
000001111010110111011101
000001111010110111011110
000001111010110111011111
000001111010110111100000
000001111010110111100001
000001111010110111100010
000001111010110111100011
000001111010110111100100
000001111010110111100101
000001111010110111100110
000001111010110111100111
000001111010110111101000
000001111010110111101001
000001111010110111101010
000001111010110111101011
000001111010110111101100
000001111010110111101101
000001111010110111101110
000001111010110111101111
000001111010110111110000
000001111010110111110001
000001111010110111110010
000001111010110111110011
000001111010110111110100
000001111010110111110101
000001111010110111110110
000001111010110111110111
000001111010110111111000
000001111010110111111001
000001111010110111111010
000001111010110111111011
000001111010110111111100
000001111010110111111101
000001111010110111111110
000001111010110111111111
000001111010111000000000
000001111010111000000001
000001111010111000000010
000001111010111000000011
000001111010111000000100
000001111010111000000101
000001111010111000000110
000001111010111000000111
000001111010111000001000
000001111010111000001001
000001111010111000001010
000001111010111000001011
000001111010111000001100
000001111010111000001101
000001111010111000001110
000001111010111000001111
000001111010111000010000
000001111010111000010001
000001111010111000010010
000001111010111000010011
000001111010111000010100
000001111010111000010101
000001111010111000010110
000001111010111000010111
000001111010111000011000
000001111010111000011001
000001111010111000011010
000001111010111000011011
000001111010111000011100
000001111010111000011101
000001111010111000011110
000001111010111000011111
000001111010111000100000
000001111010111000100001
000001111010111000100010
000001111010111000100011
000001111010111000100100
000001111010111000100101
000001111010111000100110
000001111010111000100111
000001111010111000101000
000001111010111000101001
000001111010111000101010
000001111010111000101011
000001111010111000101100
000001111010111000101101
000001111010111000101110
000001111010111000101111
000001111010111000110000
000001111010111000110001
000001111010111000110010
000001111010111000110011
000001111010111000110100
000001111010111000110101
000001111010111000110110
000001111010111000110111
000001111010111000111000
000001111010111000111001
000001111010111000111010
000001111010111000111011
000001111010111000111100
000001111010111000111101
000001111010111000111110
000001111010111000111111
000001111010111001000000
000001111010111001000001
000001111010111001000010
000001111010111001000011
000001111010111001000100
000001111010111001000101
000001111010111001000110
000001111010111001000111
000001111010111001001000
000001111010111001001001
000001111010111001001010
000001111010111001001011
000001111010111001001100
000001111010111001001101
000001111010111001001110
000001111010111001001111
000001111010111001010000
000001111010111001010001
000001111010111001010010
000001111010111001010011
000001111010111001010100
000001111010111001010101
000001111010111001010110
000001111010111001010111
000001111010111001011000
000001111010111001011001
000001111010111001011010
000001111010111001011011
000001111010111001011100
000001111010111001011101
000001111010111001011110
000001111010111001011111
000001111010111001100000
000001111010111001100001
000001111010111001100010
000001111010111001100011
000001111010111001100100
000001111010111001100101
000001111010111001100110
000001111010111001100111
000001111010111001101000
000001111010111001101001
000001111010111001101010
000001111010111001101011
000001111010111001101100
000001111010111001101101
000001111010111001101110
000001111010111001101111
000001111010111001110000
000001111010111001110001
000001111010111001110010
000001111010111001110011
000001111010111001110100
000001111010111001110101
000001111010111001110110
000001111010111001110111
000001111010111001111000
000001111010111001111001
000001111010111001111010
000001111010111001111011
000001111010111001111100
000001111010111001111101
000001111010111001111110
000001111010111001111111
000001111010111010000000
000001111010111010000001
000001111010111010000010
000001111010111010000011
000001111010111010000100
000001111010111010000101
000001111010111010000110
000001111010111010000111
000001111010111010001000
000001111010111010001001
000001111010111010001010
000001111010111010001011
000001111010111010001100
000001111010111010001101
000001111010111010001110
000001111010111010001111
000001111010111010010000
000001111010111010010001
000001111010111010010010
000001111010111010010011
000001111010111010010100
000001111010111010010101
000001111010111010010110
000001111010111010010111
000001111010111010011000
000001111010111010011001
000001111010111010011010
000001111010111010011011
000001111010111010011100
000001111010111010011101
000001111010111010011110
000001111010111010011111
000001111010111010100000
000001111010111010100001
000001111010111010100010
000001111010111010100011
000001111010111010100100
000001111010111010100101
000001111010111010100110
000001111010111010100111
000001111010111010101000
000001111010111010101001
000001111010111010101010
000001111010111010101011
000001111010111010101100
000001111010111010101101
000001111010111010101110
000001111010111010101111
000001111010111010110000
000001111010111010110001
000001111010111010110010
000001111010111010110011
000001111010111010110100
000001111010111010110101
000001111010111010110110
000001111010111010110111
000001111010111010111000
000001111010111010111001
000001111010111010111010
000001111010111010111011
000001111010111010111100
000001111010111010111101
000001111010111010111110
000001111010111010111111
000001111010111011000000
000001111010111011000001
000001111010111011000010
000001111010111011000011
000001111010111011000100
000001111010111011000101
000001111010111011000110
000001111010111011000111
000001111010111011001000
000001111010111011001001
000001111010111011001010
000001111010111011001011
000001111010111011001100
000001111010111011001101
000001111010111011001110
000001111010111011001111
000001111010111011010000
000001111010111011010001
000001111010111011010010
000001111010111011010011
000001111010111011010100
000001111010111011010101
000001111010111011010110
000001111010111011010111
000001111010111011011000
000001111010111011011001
000001111010111011011010
000001111010111011011011
000001111010111011011100
000001111010111011011101
000001111010111011011110
000001111010111011011111
000001111010111011100000
000001111010111011100001
000001111010111011100010
000001111010111011100011
000001111010111011100100
000001111010111011100101
000001111010111011100110
000001111010111011100111
000001111010111011101000
000001111010111011101001
000001111010111011101010
000001111010111011101011
000001111010111011101100
000001111010111011101101
000001111010111011101110
000001111010111011101111
000001111010111011110000
000001111010111011110001
000001111010111011110010
000001111010111011110011
000001111010111011110100
000001111010111011110101
000001111010111011110110
000001111010111011110111
000001111010111011111000
000001111010111011111001
000001111010111011111010
000001111010111011111011
000001111010111011111100
000001111010111011111101
000001111010111011111110
000001111010111011111111
000001111010111100000000
000001111010111100000001
000001111010111100000010
000001111010111100000011
000001111010111100000100
000001111010111100000101
000001111010111100000110
000001111010111100000111
000001111010111100001000
000001111010111100001001
000001111010111100001010
000001111010111100001011
000001111010111100001100
000001111010111100001101
000001111010111100001110
000001111010111100001111
000001111010111100010000
000001111010111100010001
000001111010111100010010
000001111010111100010011
000001111010111100010100
000001111010111100010101
000001111010111100010110
000001111010111100010111
000001111010111100011000
000001111010111100011001
000001111010111100011010
000001111010111100011011
000001111010111100011100
000001111010111100011101
000001111010111100011110
000001111010111100011111
000001111010111100100000
000001111010111100100001
000001111010111100100010
000001111010111100100011
000001111010111100100100
000001111010111100100101
000001111010111100100110
000001111010111100100111
000001111010111100101000
000001111010111100101001
000001111010111100101010
000001111010111100101011
000001111010111100101100
000001111010111100101101
000001111010111100101110
000001111010111100101111
000001111010111100110000
000001111010111100110001
000001111010111100110010
000001111010111100110011
000001111010111100110100
000001111010111100110101
000001111010111100110110
000001111010111100110111
000001111010111100111000
000001111010111100111001
000001111010111100111010
000001111010111100111011
000001111010111100111100
000001111010111100111101
000001111010111100111110
000001111010111100111111
000001111010111101000000
000001111010111101000001
000001111010111101000010
000001111010111101000011
000001111010111101000100
000001111010111101000101
000001111010111101000110
000001111010111101000111
000001111010111101001000
000001111010111101001001
000001111010111101001010
000001111010111101001011
000001111010111101001100
000001111010111101001101
000001111010111101001110
000001111010111101001111
000001111010111101010000
000001111010111101010001
000001111010111101010010
000001111010111101010011
000001111010111101010100
000001111010111101010101
000001111010111101010110
000001111010111101010111
000001111010111101011000
000001111010111101011001
000001111010111101011010
000001111010111101011011
000001111010111101011100
000001111010111101011101
000001111010111101011110
000001111010111101011111
000001111010111101100000
000001111010111101100001
000001111010111101100010
000001111010111101100011
000001111010111101100100
000001111010111101100101
000001111010111101100110
000001111010111101100111
000001111010111101101000
000001111010111101101001
000001111010111101101010
000001111010111101101011
000001111010111101101100
000001111010111101101101
000001111010111101101110
000001111010111101101111
000001111010111101110000
000001111010111101110001
000001111010111101110010
000001111010111101110011
000001111010111101110100
000001111010111101110101
000001111010111101110110
000001111010111101110111
000001111010111101111000
000001111010111101111001
000001111010111101111010
000001111010111101111011
000001111010111101111100
000001111010111101111101
000001111010111101111110
000001111010111101111111
000001111010111110000000
000001111010111110000001
000001111010111110000010
000001111010111110000011
000001111010111110000100
000001111010111110000101
000001111010111110000110
000001111010111110000111
000001111010111110001000
000001111010111110001001
000001111010111110001010
000001111010111110001011
000001111010111110001100
000001111010111110001101
000001111010111110001110
000001111010111110001111
000001111010111110010000
000001111010111110010001
000001111010111110010010
000001111010111110010011
000001111010111110010100
000001111010111110010101
000001111010111110010110
000001111010111110010111
000001111010111110011000
000001111010111110011001
000001111010111110011010
000001111010111110011011
000001111010111110011100
000001111010111110011101
000001111010111110011110
000001111010111110011111
000001111010111110100000
000001111010111110100001
000001111010111110100010
000001111010111110100011
000001111010111110100100
000001111010111110100101
000001111010111110100110
000001111010111110100111
000001111010111110101000
000001111010111110101001
000001111010111110101010
000001111010111110101011
000001111010111110101100
000001111010111110101101
000001111010111110101110
000001111010111110101111
000001111010111110110000
000001111010111110110001
000001111010111110110010
000001111010111110110011
000001111010111110110100
000001111010111110110101
000001111010111110110110
000001111010111110110111
000001111010111110111000
000001111010111110111001
000001111010111110111010
000001111010111110111011
000001111010111110111100
000001111010111110111101
000001111010111110111110
000001111010111110111111
000001111010111111000000
000001111010111111000001
000001111010111111000010
000001111010111111000011
000001111010111111000100
000001111010111111000101
000001111010111111000110
000001111010111111000111
000001111010111111001000
000001111010111111001001
000001111010111111001010
000001111010111111001011
000001111010111111001100
000001111010111111001101
000001111010111111001110
000001111010111111001111
000001111010111111010000
000001111010111111010001
000001111010111111010010
000001111010111111010011
000001111010111111010100
000001111010111111010101
000001111010111111010110
000001111010111111010111
000001111010111111011000
000001111010111111011001
000001111010111111011010
000001111010111111011011
000001111010111111011100
000001111010111111011101
000001111010111111011110
000001111010111111011111
000001111010111111100000
000001111010111111100001
000001111010111111100010
000001111010111111100011
000001111010111111100100
000001111010111111100101
000001111010111111100110
000001111010111111100111
000001111010111111101000
000001111010111111101001
000001111010111111101010
000001111010111111101011
000001111010111111101100
000001111010111111101101
000001111010111111101110
000001111010111111101111
000001111010111111110000
000001111010111111110001
000001111010111111110010
000001111010111111110011
000001111010111111110100
000001111010111111110101
000001111010111111110110
000001111010111111110111
000001111010111111111000
000001111010111111111001
000001111010111111111010
000001111010111111111011
000001111010111111111100
000001111010111111111101
000001111010111111111110
000001111010111111111111
000001111011000000000000
000001111011000000000001
000001111011000000000010
000001111011000000000011
000001111011000000000100
000001111011000000000101
000001111011000000000110
000001111011000000000111
000001111011000000001000
000001111011000000001001
000001111011000000001010
000001111011000000001011
000001111011000000001100
000001111011000000001101
000001111011000000001110
000001111011000000001111
000001111011000000010000
000001111011000000010001
000001111011000000010010
000001111011000000010011
000001111011000000010100
000001111011000000010101
000001111011000000010110
000001111011000000010111
000001111011000000011000
000001111011000000011001
000001111011000000011010
000001111011000000011011
000001111011000000011100
000001111011000000011101
000001111011000000011110
000001111011000000011111
000001111011000000100000
000001111011000000100001
000001111011000000100010
000001111011000000100011
000001111011000000100100
000001111011000000100101
000001111011000000100110
000001111011000000100111
000001111011000000101000
000001111011000000101001
000001111011000000101010
000001111011000000101011
000001111011000000101100
000001111011000000101101
000001111011000000101110
000001111011000000101111
000001111011000000110000
000001111011000000110001
000001111011000000110010
000001111011000000110011
000001111011000000110100
000001111011000000110101
000001111011000000110110
000001111011000000110111
000001111011000000111000
000001111011000000111001
000001111011000000111010
000001111011000000111011
000001111011000000111100
000001111011000000111101
000001111011000000111110
000001111011000000111111
000001111011000001000000
000001111011000001000001
000001111011000001000010
000001111011000001000011
000001111011000001000100
000001111011000001000101
000001111011000001000110
000001111011000001000111
000001111011000001001000
000001111011000001001001
000001111011000001001010
000001111011000001001011
000001111011000001001100
000001111011000001001101
000001111011000001001110
000001111011000001001111
000001111011000001010000
000001111011000001010001
000001111011000001010010
000001111011000001010011
000001111011000001010100
000001111011000001010101
000001111011000001010110
000001111011000001010111
000001111011000001011000
000001111011000001011001
000001111011000001011010
000001111011000001011011
000001111011000001011100
000001111011000001011101
000001111011000001011110
000001111011000001011111
000001111011000001100000
000001111011000001100001
000001111011000001100010
000001111011000001100011
000001111011000001100100
000001111011000001100101
000001111011000001100110
000001111011000001100111
000001111011000001101000
000001111011000001101001
000001111011000001101010
000001111011000001101011
000001111011000001101100
000001111011000001101101
000001111011000001101110
000001111011000001101111
000001111011000001110000
000001111011000001110001
000001111011000001110010
000001111011000001110011
000001111011000001110100
000001111011000001110101
000001111011000001110110
000001111011000001110111
000001111011000001111000
000001111011000001111001
000001111011000001111010
000001111011000001111011
000001111011000001111100
000001111011000001111101
000001111011000001111110
000001111011000001111111
000001111011000010000000
000001111011000010000001
000001111011000010000010
000001111011000010000011
000001111011000010000100
000001111011000010000101
000001111011000010000110
000001111011000010000111
000001111011000010001000
000001111011000010001001
000001111011000010001010
000001111011000010001011
000001111011000010001100
000001111011000010001101
000001111011000010001110
000001111011000010001111
000001111011000010010000
000001111011000010010001
000001111011000010010010
000001111011000010010011
000001111011000010010100
000001111011000010010101
000001111011000010010110
000001111011000010010111
000001111011000010011000
000001111011000010011001
000001111011000010011010
000001111011000010011011
000001111011000010011100
000001111011000010011101
000001111011000010011110
000001111011000010011111
000001111011000010100000
000001111011000010100001
000001111011000010100010
000001111011000010100011
000001111011000010100100
000001111011000010100101
000001111011000010100110
000001111011000010100111
000001111011000010101000
000001111011000010101001
000001111011000010101010
000001111011000010101011
000001111011000010101100
000001111011000010101101
000001111011000010101110
000001111011000010101111
000001111011000010110000
000001111011000010110001
000001111011000010110010
000001111011000010110011
000001111011000010110100
000001111011000010110101
000001111011000010110110
000001111011000010110111
000001111011000010111000
000001111011000010111001
000001111011000010111010
000001111011000010111011
000001111011000010111100
000001111011000010111101
000001111011000010111110
000001111011000010111111
000001111011000011000000
000001111011000011000001
000001111011000011000010
000001111011000011000011
000001111011000011000100
000001111011000011000101
000001111011000011000110
000001111011000011000111
000001111011000011001000
000001111011000011001001
000001111011000011001010
000001111011000011001011
000001111011000011001100
000001111011000011001101
000001111011000011001110
000001111011000011001111
000001111011000011010000
000001111011000011010001
000001111011000011010010
000001111011000011010011
000001111011000011010100
000001111011000011010101
000001111011000011010110
000001111011000011010111
000001111011000011011000
000001111011000011011001
000001111011000011011010
000001111011000011011011
000001111011000011011100
000001111011000011011101
000001111011000011011110
000001111011000011011111
000001111011000011100000
000001111011000011100001
000001111011000011100010
000001111011000011100011
000001111011000011100100
000001111011000011100101
000001111011000011100110
000001111011000011100111
000001111011000011101000
000001111011000011101001
000001111011000011101010
000001111011000011101011
000001111011000011101100
000001111011000011101101
000001111011000011101110
000001111011000011101111
000001111011000011110000
000001111011000011110001
000001111011000011110010
000001111011000011110011
000001111011000011110100
000001111011000011110101
000001111011000011110110
000001111011000011110111
000001111011000011111000
000001111011000011111001
000001111011000011111010
000001111011000011111011
000001111011000011111100
000001111011000011111101
000001111011000011111110
000001111011000011111111
000001111011000100000000
000001111011000100000001
000001111011000100000010
000001111011000100000011
000001111011000100000100
000001111011000100000101
000001111011000100000110
000001111011000100000111
000001111011000100001000
000001111011000100001001
000001111011000100001010
000001111011000100001011
000001111011000100001100
000001111011000100001101
000001111011000100001110
000001111011000100001111
000001111011000100010000
000001111011000100010001
000001111011000100010010
000001111011000100010011
000001111011000100010100
000001111011000100010101
000001111011000100010110
000001111011000100010111
000001111011000100011000
000001111011000100011001
000001111011000100011010
000001111011000100011011
000001111011000100011100
000001111011000100011101
000001111011000100011110
000001111011000100011111
000001111011000100100000
000001111011000100100001
000001111011000100100010
000001111011000100100011
000001111011000100100100
000001111011000100100101
000001111011000100100110
000001111011000100100111
000001111011000100101000
000001111011000100101001
000001111011000100101010
000001111011000100101011
000001111011000100101100
000001111011000100101101
000001111011000100101110
000001111011000100101111
000001111011000100110000
000001111011000100110001
000001111011000100110010
000001111011000100110011
000001111011000100110100
000001111011000100110101
000001111011000100110110
000001111011000100110111
000001111011000100111000
000001111011000100111001
000001111011000100111010
000001111011000100111011
000001111011000100111100
000001111011000100111101
000001111011000100111110
000001111011000100111111
000001111011000101000000
000001111011000101000001
000001111011000101000010
000001111011000101000011
000001111011000101000100
000001111011000101000101
000001111011000101000110
000001111011000101000111
000001111011000101001000
000001111011000101001001
000001111011000101001010
000001111011000101001011
000001111011000101001100
000001111011000101001101
000001111011000101001110
000001111011000101001111
000001111011000101010000
000001111011000101010001
000001111011000101010010
000001111011000101010011
000001111011000101010100
000001111011000101010101
000001111011000101010110
000001111011000101010111
000001111011000101011000
000001111011000101011001
000001111011000101011010
000001111011000101011011
000001111011000101011100
000001111011000101011101
000001111011000101011110
000001111011000101011111
000001111011000101100000
000001111011000101100001
000001111011000101100010
000001111011000101100011
000001111011000101100100
000001111011000101100101
000001111011000101100110
000001111011000101100111
000001111011000101101000
000001111011000101101001
000001111011000101101010
000001111011000101101011
000001111011000101101100
000001111011000101101101
000001111011000101101110
000001111011000101101111
000001111011000101110000
000001111011000101110001
000001111011000101110010
000001111011000101110011
000001111011000101110100
000001111011000101110101
000001111011000101110110
000001111011000101110111
000001111011000101111000
000001111011000101111001
000001111011000101111010
000001111011000101111011
000001111011000101111100
000001111011000101111101
000001111011000101111110
000001111011000101111111
000001111011000110000000
000001111011000110000001
000001111011000110000010
000001111011000110000011
000001111011000110000100
000001111011000110000101
000001111011000110000110
000001111011000110000111
000001111011000110001000
000001111011000110001001
000001111011000110001010
000001111011000110001011
000001111011000110001100
000001111011000110001101
000001111011000110001110
000001111011000110001111
000001111011000110010000
000001111011000110010001
000001111011000110010010
000001111011000110010011
000001111011000110010100
000001111011000110010101
000001111011000110010110
000001111011000110010111
000001111011000110011000
000001111011000110011001
000001111011000110011010
000001111011000110011011
000001111011000110011100
000001111011000110011101
000001111011000110011110
000001111011000110011111
000001111011000110100000
000001111011000110100001
000001111011000110100010
000001111011000110100011
000001111011000110100100
000001111011000110100101
000001111011000110100110
000001111011000110100111
000001111011000110101000
000001111011000110101001
000001111011000110101010
000001111011000110101011
000001111011000110101100
000001111011000110101101
000001111011000110101110
000001111011000110101111
000001111011000110110000
000001111011000110110001
000001111011000110110010
000001111011000110110011
000001111011000110110100
000001111011000110110101
000001111011000110110110
000001111011000110110111
000001111011000110111000
000001111011000110111001
000001111011000110111010
000001111011000110111011
000001111011000110111100
000001111011000110111101
000001111011000110111110
000001111011000110111111
000001111011000111000000
000001111011000111000001
000001111011000111000010
000001111011000111000011
000001111011000111000100
000001111011000111000101
000001111011000111000110
000001111011000111000111
000001111011000111001000
000001111011000111001001
000001111011000111001010
000001111011000111001011
000001111011000111001100
000001111011000111001101
000001111011000111001110
000001111011000111001111
000001111011000111010000
000001111011000111010001
000001111011000111010010
000001111011000111010011
000001111011000111010100
000001111011000111010101
000001111011000111010110
000001111011000111010111
000001111011000111011000
000001111011000111011001
000001111011000111011010
000001111011000111011011
000001111011000111011100
000001111011000111011101
000001111011000111011110
000001111011000111011111
000001111011000111100000
000001111011000111100001
000001111011000111100010
000001111011000111100011
000001111011000111100100
000001111011000111100101
000001111011000111100110
000001111011000111100111
000001111011000111101000
000001111011000111101001
000001111011000111101010
000001111011000111101011
000001111011000111101100
000001111011000111101101
000001111011000111101110
000001111011000111101111
000001111011000111110000
000001111011000111110001
000001111011000111110010
000001111011000111110011
000001111011000111110100
000001111011000111110101
000001111011000111110110
000001111011000111110111
000001111011000111111000
000001111011000111111001
000001111011000111111010
000001111011000111111011
000001111011000111111100
000001111011000111111101
000001111011000111111110
000001111011000111111111
000001111011001000000000
000001111011001000000001
000001111011001000000010
000001111011001000000011
000001111011001000000100
000001111011001000000101
000001111011001000000110
000001111011001000000111
000001111011001000001000
000001111011001000001001
000001111011001000001010
000001111011001000001011
000001111011001000001100
000001111011001000001101
000001111011001000001110
000001111011001000001111
000001111011001000010000
000001111011001000010001
000001111011001000010010
000001111011001000010011
000001111011001000010100
000001111011001000010101
000001111011001000010110
000001111011001000010111
000001111011001000011000
000001111011001000011001
000001111011001000011010
000001111011001000011011
000001111011001000011100
000001111011001000011101
000001111011001000011110
000001111011001000011111
000001111011001000100000
000001111011001000100001
000001111011001000100010
000001111011001000100011
000001111011001000100100
000001111011001000100101
000001111011001000100110
000001111011001000100111
000001111011001000101000
000001111011001000101001
000001111011001000101010
000001111011001000101011
000001111011001000101100
000001111011001000101101
000001111011001000101110
000001111011001000101111
000001111011001000110000
000001111011001000110001
000001111011001000110010
000001111011001000110011
000001111011001000110100
000001111011001000110101
000001111011001000110110
000001111011001000110111
000001111011001000111000
000001111011001000111001
000001111011001000111010
000001111011001000111011
000001111011001000111100
000001111011001000111101
000001111011001000111110
000001111011001000111111
000001111011001001000000
000001111011001001000001
000001111011001001000010
000001111011001001000011
000001111011001001000100
000001111011001001000101
000001111011001001000110
000001111011001001000111
000001111011001001001000
000001111011001001001001
000001111011001001001010
000001111011001001001011
000001111011001001001100
000001111011001001001101
000001111011001001001110
000001111011001001001111
000001111011001001010000
000001111011001001010001
000001111011001001010010
000001111011001001010011
000001111011001001010100
000001111011001001010101
000001111011001001010110
000001111011001001010111
000001111011001001011000
000001111011001001011001
000001111011001001011010
000001111011001001011011
000001111011001001011100
000001111011001001011101
000001111011001001011110
000001111011001001011111
000001111011001001100000
000001111011001001100001
000001111011001001100010
000001111011001001100011
000001111011001001100100
000001111011001001100101
000001111011001001100110
000001111011001001100111
000001111011001001101000
000001111011001001101001
000001111011001001101010
000001111011001001101011
000001111011001001101100
000001111011001001101101
000001111011001001101110
000001111011001001101111
000001111011001001110000
000001111011001001110001
000001111011001001110010
000001111011001001110011
000001111011001001110100
000001111011001001110101
000001111011001001110110
000001111011001001110111
000001111011001001111000
000001111011001001111001
000001111011001001111010
000001111011001001111011
000001111011001001111100
000001111011001001111101
000001111011001001111110
000001111011001001111111
000001111011001010000000
000001111011001010000001
000001111011001010000010
000001111011001010000011
000001111011001010000100
000001111011001010000101
000001111011001010000110
000001111011001010000111
000001111011001010001000
000001111011001010001001
000001111011001010001010
000001111011001010001011
000001111011001010001100
000001111011001010001101
000001111011001010001110
000001111011001010001111
000001111011001010010000
000001111011001010010001
000001111011001010010010
000001111011001010010011
000001111011001010010100
000001111011001010010101
000001111011001010010110
000001111011001010010111
000001111011001010011000
000001111011001010011001
000001111011001010011010
000001111011001010011011
000001111011001010011100
000001111011001010011101
000001111011001010011110
000001111011001010011111
000001111011001010100000
000001111011001010100001
000001111011001010100010
000001111011001010100011
000001111011001010100100
000001111011001010100101
000001111011001010100110
000001111011001010100111
000001111011001010101000
000001111011001010101001
000001111011001010101010
000001111011001010101011
000001111011001010101100
000001111011001010101101
000001111011001010101110
000001111011001010101111
000001111011001010110000
000001111011001010110001
000001111011001010110010
000001111011001010110011
000001111011001010110100
000001111011001010110101
000001111011001010110110
000001111011001010110111
000001111011001010111000
000001111011001010111001
000001111011001010111010
000001111011001010111011
000001111011001010111100
000001111011001010111101
000001111011001010111110
000001111011001010111111
000001111011001011000000
000001111011001011000001
000001111011001011000010
000001111011001011000011
000001111011001011000100
000001111011001011000101
000001111011001011000110
000001111011001011000111
000001111011001011001000
000001111011001011001001
000001111011001011001010
000001111011001011001011
000001111011001011001100
000001111011001011001101
000001111011001011001110
000001111011001011001111
000001111011001011010000
000001111011001011010001
000001111011001011010010
000001111011001011010011
000001111011001011010100
000001111011001011010101
000001111011001011010110
000001111011001011010111
000001111011001011011000
000001111011001011011001
000001111011001011011010
000001111011001011011011
000001111011001011011100
000001111011001011011101
000001111011001011011110
000001111011001011011111
000001111011001011100000
000001111011001011100001
000001111011001011100010
000001111011001011100011
000001111011001011100100
000001111011001011100101
000001111011001011100110
000001111011001011100111
000001111011001011101000
000001111011001011101001
000001111011001011101010
000001111011001011101011
000001111011001011101100
000001111011001011101101
000001111011001011101110
000001111011001011101111
000001111011001011110000
000001111011001011110001
000001111011001011110010
000001111011001011110011
000001111011001011110100
000001111011001011110101
000001111011001011110110
000001111011001011110111
000001111011001011111000
000001111011001011111001
000001111011001011111010
000001111011001011111011
000001111011001011111100
000001111011001011111101
000001111011001011111110
000001111011001011111111
000001111011001100000000
000001111011001100000001
000001111011001100000010
000001111011001100000011
000001111011001100000100
000001111011001100000101
000001111011001100000110
000001111011001100000111
000001111011001100001000
000001111011001100001001
000001111011001100001010
000001111011001100001011
000001111011001100001100
000001111011001100001101
000001111011001100001110
000001111011001100001111
000001111011001100010000
000001111011001100010001
000001111011001100010010
000001111011001100010011
000001111011001100010100
000001111011001100010101
000001111011001100010110
000001111011001100010111
000001111011001100011000
000001111011001100011001
000001111011001100011010
000001111011001100011011
000001111011001100011100
000001111011001100011101
000001111011001100011110
000001111011001100011111
000001111011001100100000
000001111011001100100001
000001111011001100100010
000001111011001100100011
000001111011001100100100
000001111011001100100101
000001111011001100100110
000001111011001100100111
000001111011001100101000
000001111011001100101001
000001111011001100101010
000001111011001100101011
000001111011001100101100
000001111011001100101101
000001111011001100101110
000001111011001100101111
000001111011001100110000
000001111011001100110001
000001111011001100110010
000001111011001100110011
000001111011001100110100
000001111011001100110101
000001111011001100110110
000001111011001100110111
000001111011001100111000
000001111011001100111001
000001111011001100111010
000001111011001100111011
000001111011001100111100
000001111011001100111101
000001111011001100111110
000001111011001100111111
000001111011001101000000
000001111011001101000001
000001111011001101000010
000001111011001101000011
000001111011001101000100
000001111011001101000101
000001111011001101000110
000001111011001101000111
000001111011001101001000
000001111011001101001001
000001111011001101001010
000001111011001101001011
000001111011001101001100
000001111011001101001101
000001111011001101001110
000001111011001101001111
000001111011001101010000
000001111011001101010001
000001111011001101010010
000001111011001101010011
000001111011001101010100
000001111011001101010101
000001111011001101010110
000001111011001101010111
000001111011001101011000
000001111011001101011001
000001111011001101011010
000001111011001101011011
000001111011001101011100
000001111011001101011101
000001111011001101011110
000001111011001101011111
000001111011001101100000
000001111011001101100001
000001111011001101100010
000001111011001101100011
000001111011001101100100
000001111011001101100101
000001111011001101100110
000001111011001101100111
000001111011001101101000
000001111011001101101001
000001111011001101101010
000001111011001101101011
000001111011001101101100
000001111011001101101101
000001111011001101101110
000001111011001101101111
000001111011001101110000
000001111011001101110001
000001111011001101110010
000001111011001101110011
000001111011001101110100
000001111011001101110101
000001111011001101110110
000001111011001101110111
000001111011001101111000
000001111011001101111001
000001111011001101111010
000001111011001101111011
000001111011001101111100
000001111011001101111101
000001111011001101111110
000001111011001101111111
000001111011001110000000
000001111011001110000001
000001111011001110000010
000001111011001110000011
000001111011001110000100
000001111011001110000101
000001111011001110000110
000001111011001110000111
000001111011001110001000
000001111011001110001001
000001111011001110001010
000001111011001110001011
000001111011001110001100
000001111011001110001101
000001111011001110001110
000001111011001110001111
000001111011001110010000
000001111011001110010001
000001111011001110010010
000001111011001110010011
000001111011001110010100
000001111011001110010101
000001111011001110010110
000001111011001110010111
000001111011001110011000
000001111011001110011001
000001111011001110011010
000001111011001110011011
000001111011001110011100
000001111011001110011101
000001111011001110011110
000001111011001110011111
000001111011001110100000
000001111011001110100001
000001111011001110100010
000001111011001110100011
000001111011001110100100
000001111011001110100101
000001111011001110100110
000001111011001110100111
000001111011001110101000
000001111011001110101001
000001111011001110101010
000001111011001110101011
000001111011001110101100
000001111011001110101101
000001111011001110101110
000001111011001110101111
000001111011001110110000
000001111011001110110001
000001111011001110110010
000001111011001110110011
000001111011001110110100
000001111011001110110101
000001111011001110110110
000001111011001110110111
000001111011001110111000
000001111011001110111001
000001111011001110111010
000001111011001110111011
000001111011001110111100
000001111011001110111101
000001111011001110111110
000001111011001110111111
000001111011001111000000
000001111011001111000001
000001111011001111000010
000001111011001111000011
000001111011001111000100
000001111011001111000101
000001111011001111000110
000001111011001111000111
000001111011001111001000
000001111011001111001001
000001111011001111001010
000001111011001111001011
000001111011001111001100
000001111011001111001101
000001111011001111001110
000001111011001111001111
000001111011001111010000
000001111011001111010001
000001111011001111010010
000001111011001111010011
000001111011001111010100
000001111011001111010101
000001111011001111010110
000001111011001111010111
000001111011001111011000
000001111011001111011001
000001111011001111011010
000001111011001111011011
000001111011001111011100
000001111011001111011101
000001111011001111011110
000001111011001111011111
000001111011001111100000
000001111011001111100001
000001111011001111100010
000001111011001111100011
000001111011001111100100
000001111011001111100101
000001111011001111100110
000001111011001111100111
000001111011001111101000
000001111011001111101001
000001111011001111101010
000001111011001111101011
000001111011001111101100
000001111011001111101101
000001111011001111101110
000001111011001111101111
000001111011001111110000
000001111011001111110001
000001111011001111110010
000001111011001111110011
000001111011001111110100
000001111011001111110101
000001111011001111110110
000001111011001111110111
000001111011001111111000
000001111011001111111001
000001111011001111111010
000001111011001111111011
000001111011001111111100
000001111011001111111101
000001111011001111111110
000001111011001111111111
000001111011010000000000
000001111011010000000001
000001111011010000000010
000001111011010000000011
000001111011010000000100
000001111011010000000101
000001111011010000000110
000001111011010000000111
000001111011010000001000
000001111011010000001001
000001111011010000001010
000001111011010000001011
000001111011010000001100
000001111011010000001101
000001111011010000001110
000001111011010000001111
000001111011010000010000
000001111011010000010001
000001111011010000010010
000001111011010000010011
000001111011010000010100
000001111011010000010101
000001111011010000010110
000001111011010000010111
000001111011010000011000
000001111011010000011001
000001111011010000011010
000001111011010000011011
000001111011010000011100
000001111011010000011101
000001111011010000011110
000001111011010000011111
000001111011010000100000
000001111011010000100001
000001111011010000100010
000001111011010000100011
000001111011010000100100
000001111011010000100101
000001111011010000100110
000001111011010000100111
000001111011010000101000
000001111011010000101001
000001111011010000101010
000001111011010000101011
000001111011010000101100
000001111011010000101101
000001111011010000101110
000001111011010000101111
000001111011010000110000
000001111011010000110001
000001111011010000110010
000001111011010000110011
000001111011010000110100
000001111011010000110101
000001111011010000110110
000001111011010000110111
000001111011010000111000
000001111011010000111001
000001111011010000111010
000001111011010000111011
000001111011010000111100
000001111011010000111101
000001111011010000111110
000001111011010000111111
000001111011010001000000
000001111011010001000001
000001111011010001000010
000001111011010001000011
000001111011010001000100
000001111011010001000101
000001111011010001000110
000001111011010001000111
000001111011010001001000
000001111011010001001001
000001111011010001001010
000001111011010001001011
000001111011010001001100
000001111011010001001101
000001111011010001001110
000001111011010001001111
000001111011010001010000
000001111011010001010001
000001111011010001010010
000001111011010001010011
000001111011010001010100
000001111011010001010101
000001111011010001010110
000001111011010001010111
000001111011010001011000
000001111011010001011001
000001111011010001011010
000001111011010001011011
000001111011010001011100
000001111011010001011101
000001111011010001011110
000001111011010001011111
000001111011010001100000
000001111011010001100001
000001111011010001100010
000001111011010001100011
000001111011010001100100
000001111011010001100101
000001111011010001100110
000001111011010001100111
000001111011010001101000
000001111011010001101001
000001111011010001101010
000001111011010001101011
000001111011010001101100
000001111011010001101101
000001111011010001101110
000001111011010001101111
000001111011010001110000
000001111011010001110001
000001111011010001110010
000001111011010001110011
000001111011010001110100
000001111011010001110101
000001111011010001110110
000001111011010001110111
000001111011010001111000
000001111011010001111001
000001111011010001111010
000001111011010001111011
000001111011010001111100
000001111011010001111101
000001111011010001111110
000001111011010001111111
000001111011010010000000
000001111011010010000001
000001111011010010000010
000001111011010010000011
000001111011010010000100
000001111011010010000101
000001111011010010000110
000001111011010010000111
000001111011010010001000
000001111011010010001001
000001111011010010001010
000001111011010010001011
000001111011010010001100
000001111011010010001101
000001111011010010001110
000001111011010010001111
000001111011010010010000
000001111011010010010001
000001111011010010010010
000001111011010010010011
000001111011010010010100
000001111011010010010101
000001111011010010010110
000001111011010010010111
000001111011010010011000
000001111011010010011001
000001111011010010011010
000001111011010010011011
000001111011010010011100
000001111011010010011101
000001111011010010011110
000001111011010010011111
000001111011010010100000
000001111011010010100001
000001111011010010100010
000001111011010010100011
000001111011010010100100
000001111011010010100101
000001111011010010100110
000001111011010010100111
000001111011010010101000
000001111011010010101001
000001111011010010101010
000001111011010010101011
000001111011010010101100
000001111011010010101101
000001111011010010101110
000001111011010010101111
000001111011010010110000
000001111011010010110001
000001111011010010110010
000001111011010010110011
000001111011010010110100
000001111011010010110101
000001111011010010110110
000001111011010010110111
000001111011010010111000
000001111011010010111001
000001111011010010111010
000001111011010010111011
000001111011010010111100
000001111011010010111101
000001111011010010111110
000001111011010010111111
000001111011010011000000
000001111011010011000001
000001111011010011000010
000001111011010011000011
000001111011010011000100
000001111011010011000101
000001111011010011000110
000001111011010011000111
000001111011010011001000
000001111011010011001001
000001111011010011001010
000001111011010011001011
000001111011010011001100
000001111011010011001101
000001111011010011001110
000001111011010011001111
000001111011010011010000
000001111011010011010001
000001111011010011010010
000001111011010011010011
000001111011010011010100
000001111011010011010101
000001111011010011010110
000001111011010011010111
000001111011010011011000
000001111011010011011001
000001111011010011011010
000001111011010011011011
000001111011010011011100
000001111011010011011101
000001111011010011011110
000001111011010011011111
000001111011010011100000
000001111011010011100001
000001111011010011100010
000001111011010011100011
000001111011010011100100
000001111011010011100101
000001111011010011100110
000001111011010011100111
000001111011010011101000
000001111011010011101001
000001111011010011101010
000001111011010011101011
000001111011010011101100
000001111011010011101101
000001111011010011101110
000001111011010011101111
000001111011010011110000
000001111011010011110001
000001111011010011110010
000001111011010011110011
000001111011010011110100
000001111011010011110101
000001111011010011110110
000001111011010011110111
000001111011010011111000
000001111011010011111001
000001111011010011111010
000001111011010011111011
000001111011010011111100
000001111011010011111101
000001111011010011111110
000001111011010011111111
000001111011010100000000
000001111011010100000001
000001111011010100000010
000001111011010100000011
000001111011010100000100
000001111011010100000101
000001111011010100000110
000001111011010100000111
000001111011010100001000
000001111011010100001001
000001111011010100001010
000001111011010100001011
000001111011010100001100
000001111011010100001101
000001111011010100001110
000001111011010100001111
000001111011010100010000
000001111011010100010001
000001111011010100010010
000001111011010100010011
000001111011010100010100
000001111011010100010101
000001111011010100010110
000001111011010100010111
000001111011010100011000
000001111011010100011001
000001111011010100011010
000001111011010100011011
000001111011010100011100
000001111011010100011101
000001111011010100011110
000001111011010100011111
000001111011010100100000
000001111011010100100001
000001111011010100100010
000001111011010100100011
000001111011010100100100
000001111011010100100101
000001111011010100100110
000001111011010100100111
000001111011010100101000
000001111011010100101001
000001111011010100101010
000001111011010100101011
000001111011010100101100
000001111011010100101101
000001111011010100101110
000001111011010100101111
000001111011010100110000
000001111011010100110001
000001111011010100110010
000001111011010100110011
000001111011010100110100
000001111011010100110101
000001111011010100110110
000001111011010100110111
000001111011010100111000
000001111011010100111001
000001111011010100111010
000001111011010100111011
000001111011010100111100
000001111011010100111101
000001111011010100111110
000001111011010100111111
000001111011010101000000
000001111011010101000001
000001111011010101000010
000001111011010101000011
000001111011010101000100
000001111011010101000101
000001111011010101000110
000001111011010101000111
000001111011010101001000
000001111011010101001001
000001111011010101001010
000001111011010101001011
000001111011010101001100
000001111011010101001101
000001111011010101001110
000001111011010101001111
000001111011010101010000
000001111011010101010001
000001111011010101010010
000001111011010101010011
000001111011010101010100
000001111011010101010101
000001111011010101010110
000001111011010101010111
000001111011010101011000
000001111011010101011001
000001111011010101011010
000001111011010101011011
000001111011010101011100
000001111011010101011101
000001111011010101011110
000001111011010101011111
000001111011010101100000
000001111011010101100001
000001111011010101100010
000001111011010101100011
000001111011010101100100
000001111011010101100101
000001111011010101100110
000001111011010101100111
000001111011010101101000
000001111011010101101001
000001111011010101101010
000001111011010101101011
000001111011010101101100
000001111011010101101101
000001111011010101101110
000001111011010101101111
000001111011010101110000
000001111011010101110001
000001111011010101110010
000001111011010101110011
000001111011010101110100
000001111011010101110101
000001111011010101110110
000001111011010101110111
000001111011010101111000
000001111011010101111001
000001111011010101111010
000001111011010101111011
000001111011010101111100
000001111011010101111101
000001111011010101111110
000001111011010101111111
000001111011010110000000
000001111011010110000001
000001111011010110000010
000001111011010110000011
000001111011010110000100
000001111011010110000101
000001111011010110000110
000001111011010110000111
000001111011010110001000
000001111011010110001001
000001111011010110001010
000001111011010110001011
000001111011010110001100
000001111011010110001101
000001111011010110001110
000001111011010110001111
000001111011010110010000
000001111011010110010001
000001111011010110010010
000001111011010110010011
000001111011010110010100
000001111011010110010101
000001111011010110010110
000001111011010110010111
000001111011010110011000
000001111011010110011001
000001111011010110011010
000001111011010110011011
000001111011010110011100
000001111011010110011101
000001111011010110011110
000001111011010110011111
000001111011010110100000
000001111011010110100001
000001111011010110100010
000001111011010110100011
000001111011010110100100
000001111011010110100101
000001111011010110100110
000001111011010110100111
000001111011010110101000
000001111011010110101001
000001111011010110101010
000001111011010110101011
000001111011010110101100
000001111011010110101101
000001111011010110101110
000001111011010110101111
000001111011010110110000
000001111011010110110001
000001111011010110110010
000001111011010110110011
000001111011010110110100
000001111011010110110101
000001111011010110110110
000001111011010110110111
000001111011010110111000
000001111011010110111001
000001111011010110111010
000001111011010110111011
000001111011010110111100
000001111011010110111101
000001111011010110111110
000001111011010110111111
000001111011010111000000
000001111011010111000001
000001111011010111000010
000001111011010111000011
000001111011010111000100
000001111011010111000101
000001111011010111000110
000001111011010111000111
000001111011010111001000
000001111011010111001001
000001111011010111001010
000001111011010111001011
000001111011010111001100
000001111011010111001101
000001111011010111001110
000001111011010111001111
000001111011010111010000
000001111011010111010001
000001111011010111010010
