000001111011010111010100
000001111011010111010101
000001111011010111010110
000001111011010111010111
000001111011010111011000
000001111011010111011001
000001111011010111011010
000001111011010111011011
000001111011010111011100
000001111011010111011101
000001111011010111011110
000001111011010111011111
000001111011010111100000
000001111011010111100001
000001111011010111100010
000001111011010111100011
000001111011010111100100
000001111011010111100101
000001111011010111100110
000001111011010111100111
000001111011010111101000
000001111011010111101001
000001111011010111101010
000001111011010111101011
000001111011010111101100
000001111011010111101101
000001111011010111101110
000001111011010111101111
000001111011010111110000
000001111011010111110001
000001111011010111110010
000001111011010111110011
000001111011010111110100
000001111011010111110101
000001111011010111110110
000001111011010111110111
000001111011010111111000
000001111011010111111001
000001111011010111111010
000001111011010111111011
000001111011010111111100
000001111011010111111101
000001111011010111111110
000001111011010111111111
000001111011011000000000
000001111011011000000001
000001111011011000000010
000001111011011000000011
000001111011011000000100
000001111011011000000101
000001111011011000000110
000001111011011000000111
000001111011011000001000
000001111011011000001001
000001111011011000001010
000001111011011000001011
000001111011011000001100
000001111011011000001101
000001111011011000001110
000001111011011000001111
000001111011011000010000
000001111011011000010001
000001111011011000010010
000001111011011000010011
000001111011011000010100
000001111011011000010101
000001111011011000010110
000001111011011000010111
000001111011011000011000
000001111011011000011001
000001111011011000011010
000001111011011000011011
000001111011011000011100
000001111011011000011101
000001111011011000011110
000001111011011000011111
000001111011011000100000
000001111011011000100001
000001111011011000100010
000001111011011000100011
000001111011011000100100
000001111011011000100101
000001111011011000100110
000001111011011000100111
000001111011011000101000
000001111011011000101001
000001111011011000101010
000001111011011000101011
000001111011011000101100
000001111011011000101101
000001111011011000101110
000001111011011000101111
000001111011011000110000
000001111011011000110001
000001111011011000110010
000001111011011000110011
000001111011011000110100
000001111011011000110101
000001111011011000110110
000001111011011000110111
000001111011011000111000
000001111011011000111001
000001111011011000111010
000001111011011000111011
000001111011011000111100
000001111011011000111101
000001111011011000111110
000001111011011000111111
000001111011011001000000
000001111011011001000001
000001111011011001000010
000001111011011001000011
000001111011011001000100
000001111011011001000101
000001111011011001000110
000001111011011001000111
000001111011011001001000
000001111011011001001001
000001111011011001001010
000001111011011001001011
000001111011011001001100
000001111011011001001101
000001111011011001001110
000001111011011001001111
000001111011011001010000
000001111011011001010001
000001111011011001010010
000001111011011001010011
000001111011011001010100
000001111011011001010101
000001111011011001010110
000001111011011001010111
000001111011011001011000
000001111011011001011001
000001111011011001011010
000001111011011001011011
000001111011011001011100
000001111011011001011101
000001111011011001011110
000001111011011001011111
000001111011011001100000
000001111011011001100001
000001111011011001100010
000001111011011001100011
000001111011011001100100
000001111011011001100101
000001111011011001100110
000001111011011001100111
000001111011011001101000
000001111011011001101001
000001111011011001101010
000001111011011001101011
000001111011011001101100
000001111011011001101101
000001111011011001101110
000001111011011001101111
000001111011011001110000
000001111011011001110001
000001111011011001110010
000001111011011001110011
000001111011011001110100
000001111011011001110101
000001111011011001110110
000001111011011001110111
000001111011011001111000
000001111011011001111001
000001111011011001111010
000001111011011001111011
000001111011011001111100
000001111011011001111101
000001111011011001111110
000001111011011001111111
000001111011011010000000
000001111011011010000001
000001111011011010000010
000001111011011010000011
000001111011011010000100
000001111011011010000101
000001111011011010000110
000001111011011010000111
000001111011011010001000
000001111011011010001001
000001111011011010001010
000001111011011010001011
000001111011011010001100
000001111011011010001101
000001111011011010001110
000001111011011010001111
000001111011011010010000
000001111011011010010001
000001111011011010010010
000001111011011010010011
000001111011011010010100
000001111011011010010101
000001111011011010010110
000001111011011010010111
000001111011011010011000
000001111011011010011001
000001111011011010011010
000001111011011010011011
000001111011011010011100
000001111011011010011101
000001111011011010011110
000001111011011010011111
000001111011011010100000
000001111011011010100001
000001111011011010100010
000001111011011010100011
000001111011011010100100
000001111011011010100101
000001111011011010100110
000001111011011010100111
000001111011011010101000
000001111011011010101001
000001111011011010101010
000001111011011010101011
000001111011011010101100
000001111011011010101101
000001111011011010101110
000001111011011010101111
000001111011011010110000
000001111011011010110001
000001111011011010110010
000001111011011010110011
000001111011011010110100
000001111011011010110101
000001111011011010110110
000001111011011010110111
000001111011011010111000
000001111011011010111001
000001111011011010111010
000001111011011010111011
000001111011011010111100
000001111011011010111101
000001111011011010111110
000001111011011010111111
000001111011011011000000
000001111011011011000001
000001111011011011000010
000001111011011011000011
000001111011011011000100
000001111011011011000101
000001111011011011000110
000001111011011011000111
000001111011011011001000
000001111011011011001001
000001111011011011001010
000001111011011011001011
000001111011011011001100
000001111011011011001101
000001111011011011001110
000001111011011011001111
000001111011011011010000
000001111011011011010001
000001111011011011010010
000001111011011011010011
000001111011011011010100
000001111011011011010101
000001111011011011010110
000001111011011011010111
000001111011011011011000
000001111011011011011001
000001111011011011011010
000001111011011011011011
000001111011011011011100
000001111011011011011101
000001111011011011011110
000001111011011011011111
000001111011011011100000
000001111011011011100001
000001111011011011100010
000001111011011011100011
000001111011011011100100
000001111011011011100101
000001111011011011100110
000001111011011011100111
000001111011011011101000
000001111011011011101001
000001111011011011101010
000001111011011011101011
000001111011011011101100
000001111011011011101101
000001111011011011101110
000001111011011011101111
000001111011011011110000
000001111011011011110001
000001111011011011110010
000001111011011011110011
000001111011011011110100
000001111011011011110101
000001111011011011110110
000001111011011011110111
000001111011011011111000
000001111011011011111001
000001111011011011111010
000001111011011011111011
000001111011011011111100
000001111011011011111101
000001111011011011111110
000001111011011011111111
000001111011011100000000
000001111011011100000001
000001111011011100000010
000001111011011100000011
000001111011011100000100
000001111011011100000101
000001111011011100000110
000001111011011100000111
000001111011011100001000
000001111011011100001001
000001111011011100001010
000001111011011100001011
000001111011011100001100
000001111011011100001101
000001111011011100001110
000001111011011100001111
000001111011011100010000
000001111011011100010001
000001111011011100010010
000001111011011100010011
000001111011011100010100
000001111011011100010101
000001111011011100010110
000001111011011100010111
000001111011011100011000
000001111011011100011001
000001111011011100011010
000001111011011100011011
000001111011011100011100
000001111011011100011101
000001111011011100011110
000001111011011100011111
000001111011011100100000
000001111011011100100001
000001111011011100100010
000001111011011100100011
000001111011011100100100
000001111011011100100101
000001111011011100100110
000001111011011100100111
000001111011011100101000
000001111011011100101001
000001111011011100101010
000001111011011100101011
000001111011011100101100
000001111011011100101101
000001111011011100101110
000001111011011100101111
000001111011011100110000
000001111011011100110001
000001111011011100110010
000001111011011100110011
000001111011011100110100
000001111011011100110101
000001111011011100110110
000001111011011100110111
000001111011011100111000
000001111011011100111001
000001111011011100111010
000001111011011100111011
000001111011011100111100
000001111011011100111101
000001111011011100111110
000001111011011100111111
000001111011011101000000
000001111011011101000001
000001111011011101000010
000001111011011101000011
000001111011011101000100
000001111011011101000101
000001111011011101000110
000001111011011101000111
000001111011011101001000
000001111011011101001001
000001111011011101001010
000001111011011101001011
000001111011011101001100
000001111011011101001101
000001111011011101001110
000001111011011101001111
000001111011011101010000
000001111011011101010001
000001111011011101010010
000001111011011101010011
000001111011011101010100
000001111011011101010101
000001111011011101010110
000001111011011101010111
000001111011011101011000
000001111011011101011001
000001111011011101011010
000001111011011101011011
000001111011011101011100
000001111011011101011101
000001111011011101011110
000001111011011101011111
000001111011011101100000
000001111011011101100001
000001111011011101100010
000001111011011101100011
000001111011011101100100
000001111011011101100101
000001111011011101100110
000001111011011101100111
000001111011011101101000
000001111011011101101001
000001111011011101101010
000001111011011101101011
000001111011011101101100
000001111011011101101101
000001111011011101101110
000001111011011101101111
000001111011011101110000
000001111011011101110001
000001111011011101110010
000001111011011101110011
000001111011011101110100
000001111011011101110101
000001111011011101110110
000001111011011101110111
000001111011011101111000
000001111011011101111001
000001111011011101111010
000001111011011101111011
000001111011011101111100
000001111011011101111101
000001111011011101111110
000001111011011101111111
000001111011011110000000
000001111011011110000001
000001111011011110000010
000001111011011110000011
000001111011011110000100
000001111011011110000101
000001111011011110000110
000001111011011110000111
000001111011011110001000
000001111011011110001001
000001111011011110001010
000001111011011110001011
000001111011011110001100
000001111011011110001101
000001111011011110001110
000001111011011110001111
000001111011011110010000
000001111011011110010001
000001111011011110010010
000001111011011110010011
000001111011011110010100
000001111011011110010101
000001111011011110010110
000001111011011110010111
000001111011011110011000
000001111011011110011001
000001111011011110011010
000001111011011110011011
000001111011011110011100
000001111011011110011101
000001111011011110011110
000001111011011110011111
000001111011011110100000
000001111011011110100001
000001111011011110100010
000001111011011110100011
000001111011011110100100
000001111011011110100101
000001111011011110100110
000001111011011110100111
000001111011011110101000
000001111011011110101001
000001111011011110101010
000001111011011110101011
000001111011011110101100
000001111011011110101101
000001111011011110101110
000001111011011110101111
000001111011011110110000
000001111011011110110001
000001111011011110110010
000001111011011110110011
000001111011011110110100
000001111011011110110101
000001111011011110110110
000001111011011110110111
000001111011011110111000
000001111011011110111001
000001111011011110111010
000001111011011110111011
000001111011011110111100
000001111011011110111101
000001111011011110111110
000001111011011110111111
000001111011011111000000
000001111011011111000001
000001111011011111000010
000001111011011111000011
000001111011011111000100
000001111011011111000101
000001111011011111000110
000001111011011111000111
000001111011011111001000
000001111011011111001001
000001111011011111001010
000001111011011111001011
000001111011011111001100
000001111011011111001101
000001111011011111001110
000001111011011111001111
000001111011011111010000
000001111011011111010001
000001111011011111010010
000001111011011111010011
000001111011011111010100
000001111011011111010101
000001111011011111010110
000001111011011111010111
000001111011011111011000
000001111011011111011001
000001111011011111011010
000001111011011111011011
000001111011011111011100
000001111011011111011101
000001111011011111011110
000001111011011111011111
000001111011011111100000
000001111011011111100001
000001111011011111100010
000001111011011111100011
000001111011011111100100
000001111011011111100101
000001111011011111100110
000001111011011111100111
000001111011011111101000
000001111011011111101001
000001111011011111101010
000001111011011111101011
000001111011011111101100
000001111011011111101101
000001111011011111101110
000001111011011111101111
000001111011011111110000
000001111011011111110001
000001111011011111110010
000001111011011111110011
000001111011011111110100
000001111011011111110101
000001111011011111110110
000001111011011111110111
000001111011011111111000
000001111011011111111001
000001111011011111111010
000001111011011111111011
000001111011011111111100
000001111011011111111101
000001111011011111111110
000001111011011111111111
000001111011100000000000
000001111011100000000001
000001111011100000000010
000001111011100000000011
000001111011100000000100
000001111011100000000101
000001111011100000000110
000001111011100000000111
000001111011100000001000
000001111011100000001001
000001111011100000001010
000001111011100000001011
000001111011100000001100
000001111011100000001101
000001111011100000001110
000001111011100000001111
000001111011100000010000
000001111011100000010001
000001111011100000010010
000001111011100000010011
000001111011100000010100
000001111011100000010101
000001111011100000010110
000001111011100000010111
000001111011100000011000
000001111011100000011001
000001111011100000011010
000001111011100000011011
000001111011100000011100
000001111011100000011101
000001111011100000011110
000001111011100000011111
000001111011100000100000
000001111011100000100001
000001111011100000100010
000001111011100000100011
000001111011100000100100
000001111011100000100101
000001111011100000100110
000001111011100000100111
000001111011100000101000
000001111011100000101001
000001111011100000101010
000001111011100000101011
000001111011100000101100
000001111011100000101101
000001111011100000101110
000001111011100000101111
000001111011100000110000
000001111011100000110001
000001111011100000110010
000001111011100000110011
000001111011100000110100
000001111011100000110101
000001111011100000110110
000001111011100000110111
000001111011100000111000
000001111011100000111001
000001111011100000111010
000001111011100000111011
000001111011100000111100
000001111011100000111101
000001111011100000111110
000001111011100000111111
000001111011100001000000
000001111011100001000001
000001111011100001000010
000001111011100001000011
000001111011100001000100
000001111011100001000101
000001111011100001000110
000001111011100001000111
000001111011100001001000
000001111011100001001001
000001111011100001001010
000001111011100001001011
000001111011100001001100
000001111011100001001101
000001111011100001001110
000001111011100001001111
000001111011100001010000
000001111011100001010001
000001111011100001010010
000001111011100001010011
000001111011100001010100
000001111011100001010101
000001111011100001010110
000001111011100001010111
000001111011100001011000
000001111011100001011001
000001111011100001011010
000001111011100001011011
000001111011100001011100
000001111011100001011101
000001111011100001011110
000001111011100001011111
000001111011100001100000
000001111011100001100001
000001111011100001100010
000001111011100001100011
000001111011100001100100
000001111011100001100101
000001111011100001100110
000001111011100001100111
000001111011100001101000
000001111011100001101001
000001111011100001101010
000001111011100001101011
000001111011100001101100
000001111011100001101101
000001111011100001101110
000001111011100001101111
000001111011100001110000
000001111011100001110001
000001111011100001110010
000001111011100001110011
000001111011100001110100
000001111011100001110101
000001111011100001110110
000001111011100001110111
000001111011100001111000
000001111011100001111001
000001111011100001111010
000001111011100001111011
000001111011100001111100
000001111011100001111101
000001111011100001111110
000001111011100001111111
000001111011100010000000
000001111011100010000001
000001111011100010000010
000001111011100010000011
000001111011100010000100
000001111011100010000101
000001111011100010000110
000001111011100010000111
000001111011100010001000
000001111011100010001001
000001111011100010001010
000001111011100010001011
000001111011100010001100
000001111011100010001101
000001111011100010001110
000001111011100010001111
000001111011100010010000
000001111011100010010001
000001111011100010010010
000001111011100010010011
000001111011100010010100
000001111011100010010101
000001111011100010010110
000001111011100010010111
000001111011100010011000
000001111011100010011001
000001111011100010011010
000001111011100010011011
000001111011100010011100
000001111011100010011101
000001111011100010011110
000001111011100010011111
000001111011100010100000
000001111011100010100001
000001111011100010100010
000001111011100010100011
000001111011100010100100
000001111011100010100101
000001111011100010100110
000001111011100010100111
000001111011100010101000
000001111011100010101001
000001111011100010101010
000001111011100010101011
000001111011100010101100
000001111011100010101101
000001111011100010101110
000001111011100010101111
000001111011100010110000
000001111011100010110001
000001111011100010110010
000001111011100010110011
000001111011100010110100
000001111011100010110101
000001111011100010110110
000001111011100010110111
000001111011100010111000
000001111011100010111001
000001111011100010111010
000001111011100010111011
000001111011100010111100
000001111011100010111101
000001111011100010111110
000001111011100010111111
000001111011100011000000
000001111011100011000001
000001111011100011000010
000001111011100011000011
000001111011100011000100
000001111011100011000101
000001111011100011000110
000001111011100011000111
000001111011100011001000
000001111011100011001001
000001111011100011001010
000001111011100011001011
000001111011100011001100
000001111011100011001101
000001111011100011001110
000001111011100011001111
000001111011100011010000
000001111011100011010001
000001111011100011010010
000001111011100011010011
000001111011100011010100
000001111011100011010101
000001111011100011010110
000001111011100011010111
000001111011100011011000
000001111011100011011001
000001111011100011011010
000001111011100011011011
000001111011100011011100
000001111011100011011101
000001111011100011011110
000001111011100011011111
000001111011100011100000
000001111011100011100001
000001111011100011100010
000001111011100011100011
000001111011100011100100
000001111011100011100101
000001111011100011100110
000001111011100011100111
000001111011100011101000
000001111011100011101001
000001111011100011101010
000001111011100011101011
000001111011100011101100
000001111011100011101101
000001111011100011101110
000001111011100011101111
000001111011100011110000
000001111011100011110001
000001111011100011110010
000001111011100011110011
000001111011100011110100
000001111011100011110101
000001111011100011110110
000001111011100011110111
000001111011100011111000
000001111011100011111001
000001111011100011111010
000001111011100011111011
000001111011100011111100
000001111011100011111101
000001111011100011111110
000001111011100011111111
000001111011100100000000
000001111011100100000001
000001111011100100000010
000001111011100100000011
000001111011100100000100
000001111011100100000101
000001111011100100000110
000001111011100100000111
000001111011100100001000
000001111011100100001001
000001111011100100001010
000001111011100100001011
000001111011100100001100
000001111011100100001101
000001111011100100001110
000001111011100100001111
000001111011100100010000
000001111011100100010001
000001111011100100010010
000001111011100100010011
000001111011100100010100
000001111011100100010101
000001111011100100010110
000001111011100100010111
000001111011100100011000
000001111011100100011001
000001111011100100011010
000001111011100100011011
000001111011100100011100
000001111011100100011101
000001111011100100011110
000001111011100100011111
000001111011100100100000
000001111011100100100001
000001111011100100100010
000001111011100100100011
000001111011100100100100
000001111011100100100101
000001111011100100100110
000001111011100100100111
000001111011100100101000
000001111011100100101001
000001111011100100101010
000001111011100100101011
000001111011100100101100
000001111011100100101101
000001111011100100101110
000001111011100100101111
000001111011100100110000
000001111011100100110001
000001111011100100110010
000001111011100100110011
000001111011100100110100
000001111011100100110101
000001111011100100110110
000001111011100100110111
000001111011100100111000
000001111011100100111001
000001111011100100111010
000001111011100100111011
000001111011100100111100
000001111011100100111101
000001111011100100111110
000001111011100100111111
000001111011100101000000
000001111011100101000001
000001111011100101000010
000001111011100101000011
000001111011100101000100
000001111011100101000101
000001111011100101000110
000001111011100101000111
000001111011100101001000
000001111011100101001001
000001111011100101001010
000001111011100101001011
000001111011100101001100
000001111011100101001101
000001111011100101001110
000001111011100101001111
000001111011100101010000
000001111011100101010001
000001111011100101010010
000001111011100101010011
000001111011100101010100
000001111011100101010101
000001111011100101010110
000001111011100101010111
000001111011100101011000
000001111011100101011001
000001111011100101011010
000001111011100101011011
000001111011100101011100
000001111011100101011101
000001111011100101011110
000001111011100101011111
000001111011100101100000
000001111011100101100001
000001111011100101100010
000001111011100101100011
000001111011100101100100
000001111011100101100101
000001111011100101100110
000001111011100101100111
000001111011100101101000
000001111011100101101001
000001111011100101101010
000001111011100101101011
000001111011100101101100
000001111011100101101101
000001111011100101101110
000001111011100101101111
000001111011100101110000
000001111011100101110001
000001111011100101110010
000001111011100101110011
000001111011100101110100
000001111011100101110101
000001111011100101110110
000001111011100101110111
000001111011100101111000
000001111011100101111001
000001111011100101111010
000001111011100101111011
000001111011100101111100
000001111011100101111101
000001111011100101111110
000001111011100101111111
000001111011100110000000
000001111011100110000001
000001111011100110000010
000001111011100110000011
000001111011100110000100
000001111011100110000101
000001111011100110000110
000001111011100110000111
000001111011100110001000
000001111011100110001001
000001111011100110001010
000001111011100110001011
000001111011100110001100
000001111011100110001101
000001111011100110001110
000001111011100110001111
000001111011100110010000
000001111011100110010001
000001111011100110010010
000001111011100110010011
000001111011100110010100
000001111011100110010101
000001111011100110010110
000001111011100110010111
000001111011100110011000
000001111011100110011001
000001111011100110011010
000001111011100110011011
000001111011100110011100
000001111011100110011101
000001111011100110011110
000001111011100110011111
000001111011100110100000
000001111011100110100001
000001111011100110100010
000001111011100110100011
000001111011100110100100
000001111011100110100101
000001111011100110100110
000001111011100110100111
000001111011100110101000
000001111011100110101001
000001111011100110101010
000001111011100110101011
000001111011100110101100
000001111011100110101101
000001111011100110101110
000001111011100110101111
000001111011100110110000
000001111011100110110001
000001111011100110110010
000001111011100110110011
000001111011100110110100
000001111011100110110101
000001111011100110110110
000001111011100110110111
000001111011100110111000
000001111011100110111001
000001111011100110111010
000001111011100110111011
000001111011100110111100
000001111011100110111101
000001111011100110111110
000001111011100110111111
000001111011100111000000
000001111011100111000001
000001111011100111000010
000001111011100111000011
000001111011100111000100
000001111011100111000101
000001111011100111000110
000001111011100111000111
000001111011100111001000
000001111011100111001001
000001111011100111001010
000001111011100111001011
000001111011100111001100
000001111011100111001101
000001111011100111001110
000001111011100111001111
000001111011100111010000
000001111011100111010001
000001111011100111010010
000001111011100111010011
000001111011100111010100
000001111011100111010101
000001111011100111010110
000001111011100111010111
000001111011100111011000
000001111011100111011001
000001111011100111011010
000001111011100111011011
000001111011100111011100
000001111011100111011101
000001111011100111011110
000001111011100111011111
000001111011100111100000
000001111011100111100001
000001111011100111100010
000001111011100111100011
000001111011100111100100
000001111011100111100101
000001111011100111100110
000001111011100111100111
000001111011100111101000
000001111011100111101001
000001111011100111101010
000001111011100111101011
000001111011100111101100
000001111011100111101101
000001111011100111101110
000001111011100111101111
000001111011100111110000
000001111011100111110001
000001111011100111110010
000001111011100111110011
000001111011100111110100
000001111011100111110101
000001111011100111110110
000001111011100111110111
000001111011100111111000
000001111011100111111001
000001111011100111111010
000001111011100111111011
000001111011100111111100
000001111011100111111101
000001111011100111111110
000001111011100111111111
000001111011101000000000
000001111011101000000001
000001111011101000000010
000001111011101000000011
000001111011101000000100
000001111011101000000101
000001111011101000000110
000001111011101000000111
000001111011101000001000
000001111011101000001001
000001111011101000001010
000001111011101000001011
000001111011101000001100
000001111011101000001101
000001111011101000001110
000001111011101000001111
000001111011101000010000
000001111011101000010001
000001111011101000010010
000001111011101000010011
000001111011101000010100
000001111011101000010101
000001111011101000010110
000001111011101000010111
000001111011101000011000
000001111011101000011001
000001111011101000011010
000001111011101000011011
000001111011101000011100
000001111011101000011101
000001111011101000011110
000001111011101000011111
000001111011101000100000
000001111011101000100001
000001111011101000100010
000001111011101000100011
000001111011101000100100
000001111011101000100101
000001111011101000100110
000001111011101000100111
000001111011101000101000
000001111011101000101001
000001111011101000101010
000001111011101000101011
000001111011101000101100
000001111011101000101101
000001111011101000101110
000001111011101000101111
000001111011101000110000
000001111011101000110001
000001111011101000110010
000001111011101000110011
000001111011101000110100
000001111011101000110101
000001111011101000110110
000001111011101000110111
000001111011101000111000
000001111011101000111001
000001111011101000111010
000001111011101000111011
000001111011101000111100
000001111011101000111101
000001111011101000111110
000001111011101000111111
000001111011101001000000
000001111011101001000001
000001111011101001000010
000001111011101001000011
000001111011101001000100
000001111011101001000101
000001111011101001000110
000001111011101001000111
000001111011101001001000
000001111011101001001001
000001111011101001001010
000001111011101001001011
000001111011101001001100
000001111011101001001101
000001111011101001001110
000001111011101001001111
000001111011101001010000
000001111011101001010001
000001111011101001010010
000001111011101001010011
000001111011101001010100
000001111011101001010101
000001111011101001010110
000001111011101001010111
000001111011101001011000
000001111011101001011001
000001111011101001011010
000001111011101001011011
000001111011101001011100
000001111011101001011101
000001111011101001011110
000001111011101001011111
000001111011101001100000
000001111011101001100001
000001111011101001100010
000001111011101001100011
000001111011101001100100
000001111011101001100101
000001111011101001100110
000001111011101001100111
000001111011101001101000
000001111011101001101001
000001111011101001101010
000001111011101001101011
000001111011101001101100
000001111011101001101101
000001111011101001101110
000001111011101001101111
000001111011101001110000
000001111011101001110001
000001111011101001110010
000001111011101001110011
000001111011101001110100
000001111011101001110101
000001111011101001110110
000001111011101001110111
000001111011101001111000
000001111011101001111001
000001111011101001111010
000001111011101001111011
000001111011101001111100
000001111011101001111101
000001111011101001111110
000001111011101001111111
000001111011101010000000
000001111011101010000001
000001111011101010000010
000001111011101010000011
000001111011101010000100
000001111011101010000101
000001111011101010000110
000001111011101010000111
000001111011101010001000
000001111011101010001001
000001111011101010001010
000001111011101010001011
000001111011101010001100
000001111011101010001101
000001111011101010001110
000001111011101010001111
000001111011101010010000
000001111011101010010001
000001111011101010010010
000001111011101010010011
000001111011101010010100
000001111011101010010101
000001111011101010010110
000001111011101010010111
000001111011101010011000
000001111011101010011001
000001111011101010011010
000001111011101010011011
000001111011101010011100
000001111011101010011101
000001111011101010011110
000001111011101010011111
000001111011101010100000
000001111011101010100001
000001111011101010100010
000001111011101010100011
000001111011101010100100
000001111011101010100101
000001111011101010100110
000001111011101010100111
000001111011101010101000
000001111011101010101001
000001111011101010101010
000001111011101010101011
000001111011101010101100
000001111011101010101101
000001111011101010101110
000001111011101010101111
000001111011101010110000
000001111011101010110001
000001111011101010110010
000001111011101010110011
000001111011101010110100
000001111011101010110101
000001111011101010110110
000001111011101010110111
000001111011101010111000
000001111011101010111001
000001111011101010111010
000001111011101010111011
000001111011101010111100
000001111011101010111101
000001111011101010111110
000001111011101010111111
000001111011101011000000
000001111011101011000001
000001111011101011000010
000001111011101011000011
000001111011101011000100
000001111011101011000101
000001111011101011000110
000001111011101011000111
000001111011101011001000
000001111011101011001001
000001111011101011001010
000001111011101011001011
000001111011101011001100
000001111011101011001101
000001111011101011001110
000001111011101011001111
000001111011101011010000
000001111011101011010001
000001111011101011010010
000001111011101011010011
000001111011101011010100
000001111011101011010101
000001111011101011010110
000001111011101011010111
000001111011101011011000
000001111011101011011001
000001111011101011011010
000001111011101011011011
000001111011101011011100
000001111011101011011101
000001111011101011011110
000001111011101011011111
000001111011101011100000
000001111011101011100001
000001111011101011100010
000001111011101011100011
000001111011101011100100
000001111011101011100101
000001111011101011100110
000001111011101011100111
000001111011101011101000
000001111011101011101001
000001111011101011101010
000001111011101011101011
000001111011101011101100
000001111011101011101101
000001111011101011101110
000001111011101011101111
000001111011101011110000
000001111011101011110001
000001111011101011110010
000001111011101011110011
000001111011101011110100
000001111011101011110101
000001111011101011110110
000001111011101011110111
000001111011101011111000
000001111011101011111001
000001111011101011111010
000001111011101011111011
000001111011101011111100
000001111011101011111101
000001111011101011111110
000001111011101011111111
000001111011101100000000
000001111011101100000001
000001111011101100000010
000001111011101100000011
000001111011101100000100
000001111011101100000101
000001111011101100000110
000001111011101100000111
000001111011101100001000
000001111011101100001001
000001111011101100001010
000001111011101100001011
000001111011101100001100
000001111011101100001101
000001111011101100001110
000001111011101100001111
000001111011101100010000
000001111011101100010001
000001111011101100010010
000001111011101100010011
000001111011101100010100
000001111011101100010101
000001111011101100010110
000001111011101100010111
000001111011101100011000
000001111011101100011001
000001111011101100011010
000001111011101100011011
000001111011101100011100
000001111011101100011101
000001111011101100011110
000001111011101100011111
000001111011101100100000
000001111011101100100001
000001111011101100100010
000001111011101100100011
000001111011101100100100
000001111011101100100101
000001111011101100100110
000001111011101100100111
000001111011101100101000
000001111011101100101001
000001111011101100101010
000001111011101100101011
000001111011101100101100
000001111011101100101101
000001111011101100101110
000001111011101100101111
000001111011101100110000
000001111011101100110001
000001111011101100110010
000001111011101100110011
000001111011101100110100
000001111011101100110101
000001111011101100110110
000001111011101100110111
000001111011101100111000
000001111011101100111001
000001111011101100111010
000001111011101100111011
000001111011101100111100
000001111011101100111101
000001111011101100111110
000001111011101100111111
000001111011101101000000
000001111011101101000001
000001111011101101000010
000001111011101101000011
000001111011101101000100
000001111011101101000101
000001111011101101000110
000001111011101101000111
000001111011101101001000
000001111011101101001001
000001111011101101001010
000001111011101101001011
000001111011101101001100
000001111011101101001101
000001111011101101001110
000001111011101101001111
000001111011101101010000
000001111011101101010001
000001111011101101010010
000001111011101101010011
000001111011101101010100
000001111011101101010101
000001111011101101010110
000001111011101101010111
000001111011101101011000
000001111011101101011001
000001111011101101011010
000001111011101101011011
000001111011101101011100
000001111011101101011101
000001111011101101011110
000001111011101101011111
000001111011101101100000
000001111011101101100001
000001111011101101100010
000001111011101101100011
000001111011101101100100
000001111011101101100101
000001111011101101100110
000001111011101101100111
000001111011101101101000
000001111011101101101001
000001111011101101101010
000001111011101101101011
000001111011101101101100
000001111011101101101101
000001111011101101101110
000001111011101101101111
000001111011101101110000
000001111011101101110001
000001111011101101110010
000001111011101101110011
000001111011101101110100
000001111011101101110101
000001111011101101110110
000001111011101101110111
000001111011101101111000
000001111011101101111001
000001111011101101111010
000001111011101101111011
000001111011101101111100
000001111011101101111101
000001111011101101111110
000001111011101101111111
000001111011101110000000
000001111011101110000001
000001111011101110000010
000001111011101110000011
000001111011101110000100
000001111011101110000101
000001111011101110000110
000001111011101110000111
000001111011101110001000
000001111011101110001001
000001111011101110001010
000001111011101110001011
000001111011101110001100
000001111011101110001101
000001111011101110001110
000001111011101110001111
000001111011101110010000
000001111011101110010001
000001111011101110010010
000001111011101110010011
000001111011101110010100
000001111011101110010101
000001111011101110010110
000001111011101110010111
000001111011101110011000
000001111011101110011001
000001111011101110011010
000001111011101110011011
000001111011101110011100
000001111011101110011101
000001111011101110011110
000001111011101110011111
000001111011101110100000
000001111011101110100001
000001111011101110100010
000001111011101110100011
000001111011101110100100
000001111011101110100101
000001111011101110100110
000001111011101110100111
000001111011101110101000
000001111011101110101001
000001111011101110101010
000001111011101110101011
000001111011101110101100
000001111011101110101101
000001111011101110101110
000001111011101110101111
000001111011101110110000
000001111011101110110001
000001111011101110110010
000001111011101110110011
000001111011101110110100
000001111011101110110101
000001111011101110110110
000001111011101110110111
000001111011101110111000
000001111011101110111001
000001111011101110111010
000001111011101110111011
000001111011101110111100
000001111011101110111101
000001111011101110111110
000001111011101110111111
000001111011101111000000
000001111011101111000001
000001111011101111000010
000001111011101111000011
000001111011101111000100
000001111011101111000101
000001111011101111000110
000001111011101111000111
000001111011101111001000
000001111011101111001001
000001111011101111001010
000001111011101111001011
000001111011101111001100
000001111011101111001101
000001111011101111001110
000001111011101111001111
000001111011101111010000
000001111011101111010001
000001111011101111010010
000001111011101111010011
000001111011101111010100
000001111011101111010101
000001111011101111010110
000001111011101111010111
000001111011101111011000
000001111011101111011001
000001111011101111011010
000001111011101111011011
000001111011101111011100
000001111011101111011101
000001111011101111011110
000001111011101111011111
000001111011101111100000
000001111011101111100001
000001111011101111100010
000001111011101111100011
000001111011101111100100
000001111011101111100101
000001111011101111100110
000001111011101111100111
000001111011101111101000
000001111011101111101001
000001111011101111101010
000001111011101111101011
000001111011101111101100
000001111011101111101101
000001111011101111101110
000001111011101111101111
000001111011101111110000
000001111011101111110001
000001111011101111110010
000001111011101111110011
000001111011101111110100
000001111011101111110101
000001111011101111110110
000001111011101111110111
000001111011101111111000
000001111011101111111001
000001111011101111111010
000001111011101111111011
000001111011101111111100
000001111011101111111101
000001111011101111111110
000001111011101111111111
000001111011110000000000
000001111011110000000001
000001111011110000000010
000001111011110000000011
000001111011110000000100
000001111011110000000101
000001111011110000000110
000001111011110000000111
000001111011110000001000
000001111011110000001001
000001111011110000001010
000001111011110000001011
000001111011110000001100
000001111011110000001101
000001111011110000001110
000001111011110000001111
000001111011110000010000
000001111011110000010001
000001111011110000010010
000001111011110000010011
000001111011110000010100
000001111011110000010101
000001111011110000010110
000001111011110000010111
000001111011110000011000
000001111011110000011001
000001111011110000011010
000001111011110000011011
000001111011110000011100
000001111011110000011101
000001111011110000011110
000001111011110000011111
000001111011110000100000
000001111011110000100001
000001111011110000100010
000001111011110000100011
000001111011110000100100
000001111011110000100101
000001111011110000100110
000001111011110000100111
000001111011110000101000
000001111011110000101001
000001111011110000101010
000001111011110000101011
000001111011110000101100
000001111011110000101101
000001111011110000101110
000001111011110000101111
000001111011110000110000
000001111011110000110001
000001111011110000110010
000001111011110000110011
000001111011110000110100
000001111011110000110101
000001111011110000110110
000001111011110000110111
000001111011110000111000
000001111011110000111001
000001111011110000111010
000001111011110000111011
000001111011110000111100
000001111011110000111101
000001111011110000111110
000001111011110000111111
000001111011110001000000
000001111011110001000001
000001111011110001000010
000001111011110001000011
000001111011110001000100
000001111011110001000101
000001111011110001000110
000001111011110001000111
000001111011110001001000
000001111011110001001001
000001111011110001001010
000001111011110001001011
000001111011110001001100
000001111011110001001101
000001111011110001001110
000001111011110001001111
000001111011110001010000
000001111011110001010001
000001111011110001010010
000001111011110001010011
000001111011110001010100
000001111011110001010101
000001111011110001010110
000001111011110001010111
000001111011110001011000
000001111011110001011001
000001111011110001011010
000001111011110001011011
000001111011110001011100
000001111011110001011101
000001111011110001011110
000001111011110001011111
000001111011110001100000
000001111011110001100001
000001111011110001100010
000001111011110001100011
000001111011110001100100
000001111011110001100101
000001111011110001100110
000001111011110001100111
000001111011110001101000
000001111011110001101001
000001111011110001101010
000001111011110001101011
000001111011110001101100
000001111011110001101101
000001111011110001101110
000001111011110001101111
000001111011110001110000
000001111011110001110001
000001111011110001110010
000001111011110001110011
000001111011110001110100
000001111011110001110101
000001111011110001110110
000001111011110001110111
000001111011110001111000
000001111011110001111001
000001111011110001111010
000001111011110001111011
000001111011110001111100
000001111011110001111101
000001111011110001111110
000001111011110001111111
000001111011110010000000
000001111011110010000001
000001111011110010000010
000001111011110010000011
000001111011110010000100
000001111011110010000101
000001111011110010000110
000001111011110010000111
000001111011110010001000
000001111011110010001001
000001111011110010001010
000001111011110010001011
000001111011110010001100
000001111011110010001101
000001111011110010001110
000001111011110010001111
000001111011110010010000
000001111011110010010001
000001111011110010010010
000001111011110010010011
000001111011110010010100
000001111011110010010101
000001111011110010010110
000001111011110010010111
000001111011110010011000
000001111011110010011001
000001111011110010011010
000001111011110010011011
000001111011110010011100
000001111011110010011101
000001111011110010011110
000001111011110010011111
000001111011110010100000
000001111011110010100001
000001111011110010100010
000001111011110010100011
000001111011110010100100
000001111011110010100101
000001111011110010100110
000001111011110010100111
000001111011110010101000
000001111011110010101001
000001111011110010101010
000001111011110010101011
000001111011110010101100
000001111011110010101101
000001111011110010101110
000001111011110010101111
000001111011110010110000
000001111011110010110001
000001111011110010110010
000001111011110010110011
000001111011110010110100
000001111011110010110101
000001111011110010110110
000001111011110010110111
000001111011110010111000
000001111011110010111001
000001111011110010111010
000001111011110010111011
000001111011110010111100
000001111011110010111101
000001111011110010111110
000001111011110010111111
000001111011110011000000
000001111011110011000001
000001111011110011000010
000001111011110011000011
000001111011110011000100
000001111011110011000101
000001111011110011000110
000001111011110011000111
000001111011110011001000
000001111011110011001001
000001111011110011001010
000001111011110011001011
000001111011110011001100
000001111011110011001101
000001111011110011001110
000001111011110011001111
000001111011110011010000
000001111011110011010001
000001111011110011010010
000001111011110011010011
000001111011110011010100
000001111011110011010101
000001111011110011010110
000001111011110011010111
000001111011110011011000
000001111011110011011001
000001111011110011011010
000001111011110011011011
000001111011110011011100
000001111011110011011101
000001111011110011011110
000001111011110011011111
000001111011110011100000
000001111011110011100001
000001111011110011100010
000001111011110011100011
000001111011110011100100
000001111011110011100101
000001111011110011100110
000001111011110011100111
000001111011110011101000
000001111011110011101001
000001111011110011101010
000001111011110011101011
000001111011110011101100
000001111011110011101101
000001111011110011101110
000001111011110011101111
000001111011110011110000
000001111011110011110001
000001111011110011110010
000001111011110011110011
000001111011110011110100
000001111011110011110101
000001111011110011110110
000001111011110011110111
000001111011110011111000
000001111011110011111001
000001111011110011111010
000001111011110011111011
000001111011110011111100
000001111011110011111101
000001111011110011111110
000001111011110011111111
000001111011110100000000
000001111011110100000001
000001111011110100000010
000001111011110100000011
000001111011110100000100
000001111011110100000101
000001111011110100000110
000001111011110100000111
000001111011110100001000
000001111011110100001001
000001111011110100001010
000001111011110100001011
000001111011110100001100
000001111011110100001101
000001111011110100001110
000001111011110100001111
000001111011110100010000
000001111011110100010001
000001111011110100010010
000001111011110100010011
000001111011110100010100
000001111011110100010101
000001111011110100010110
000001111011110100010111
000001111011110100011000
000001111011110100011001
000001111011110100011010
000001111011110100011011
000001111011110100011100
000001111011110100011101
000001111011110100011110
000001111011110100011111
000001111011110100100000
000001111011110100100001
000001111011110100100010
000001111011110100100011
000001111011110100100100
000001111011110100100101
000001111011110100100110
000001111011110100100111
000001111011110100101000
000001111011110100101001
000001111011110100101010
000001111011110100101011
000001111011110100101100
000001111011110100101101
000001111011110100101110
000001111011110100101111
000001111011110100110000
000001111011110100110001
000001111011110100110010
000001111011110100110011
000001111011110100110100
000001111011110100110101
000001111011110100110110
000001111011110100110111
000001111011110100111000
000001111011110100111001
000001111011110100111010
000001111011110100111011
000001111011110100111100
000001111011110100111101
000001111011110100111110
000001111011110100111111
000001111011110101000000
000001111011110101000001
000001111011110101000010
000001111011110101000011
000001111011110101000100
000001111011110101000101
000001111011110101000110
000001111011110101000111
000001111011110101001000
000001111011110101001001
000001111011110101001010
000001111011110101001011
000001111011110101001100
000001111011110101001101
000001111011110101001110
000001111011110101001111
000001111011110101010000
000001111011110101010001
000001111011110101010010
000001111011110101010011
000001111011110101010100
000001111011110101010101
000001111011110101010110
000001111011110101010111
000001111011110101011000
000001111011110101011001
000001111011110101011010
000001111011110101011011
000001111011110101011100
000001111011110101011101
000001111011110101011110
000001111011110101011111
000001111011110101100000
000001111011110101100001
000001111011110101100010
000001111011110101100011
000001111011110101100100
000001111011110101100101
000001111011110101100110
000001111011110101100111
000001111011110101101000
000001111011110101101001
000001111011110101101010
000001111011110101101011
000001111011110101101100
000001111011110101101101
000001111011110101101110
000001111011110101101111
000001111011110101110000
000001111011110101110001
000001111011110101110010
000001111011110101110011
000001111011110101110100
000001111011110101110101
000001111011110101110110
000001111011110101110111
000001111011110101111000
000001111011110101111001
000001111011110101111010
000001111011110101111011
000001111011110101111100
000001111011110101111101
000001111011110101111110
000001111011110101111111
000001111011110110000000
000001111011110110000001
000001111011110110000010
000001111011110110000011
000001111011110110000100
000001111011110110000101
000001111011110110000110
000001111011110110000111
000001111011110110001000
000001111011110110001001
000001111011110110001010
000001111011110110001011
000001111011110110001100
000001111011110110001101
000001111011110110001110
000001111011110110001111
000001111011110110010000
000001111011110110010001
000001111011110110010010
000001111011110110010011
000001111011110110010100
000001111011110110010101
000001111011110110010110
000001111011110110010111
000001111011110110011000
000001111011110110011001
000001111011110110011010
000001111011110110011011
000001111011110110011100
000001111011110110011101
000001111011110110011110
000001111011110110011111
000001111011110110100000
000001111011110110100001
000001111011110110100010
000001111011110110100011
000001111011110110100100
000001111011110110100101
000001111011110110100110
000001111011110110100111
000001111011110110101000
000001111011110110101001
000001111011110110101010
000001111011110110101011
000001111011110110101100
000001111011110110101101
000001111011110110101110
000001111011110110101111
000001111011110110110000
000001111011110110110001
000001111011110110110010
000001111011110110110011
000001111011110110110100
000001111011110110110101
000001111011110110110110
000001111011110110110111
000001111011110110111000
000001111011110110111001
000001111011110110111010
000001111011110110111011
000001111011110110111100
000001111011110110111101
000001111011110110111110
000001111011110110111111
000001111011110111000000
000001111011110111000001
000001111011110111000010
000001111011110111000011
000001111011110111000100
000001111011110111000101
000001111011110111000110
000001111011110111000111
000001111011110111001000
000001111011110111001001
000001111011110111001010
000001111011110111001011
000001111011110111001100
000001111011110111001101
000001111011110111001110
000001111011110111001111
000001111011110111010000
000001111011110111010001
000001111011110111010010
000001111011110111010011
000001111011110111010100
000001111011110111010101
000001111011110111010110
000001111011110111010111
000001111011110111011000
000001111011110111011001
000001111011110111011010
000001111011110111011011
000001111011110111011100
000001111011110111011101
000001111011110111011110
000001111011110111011111
000001111011110111100000
000001111011110111100001
000001111011110111100010
000001111011110111100011
000001111011110111100100
000001111011110111100101
000001111011110111100110
000001111011110111100111
000001111011110111101000
000001111011110111101001
000001111011110111101010
000001111011110111101011
000001111011110111101100
000001111011110111101101
000001111011110111101110
000001111011110111101111
000001111011110111110000
000001111011110111110001
000001111011110111110010
000001111011110111110011
000001111011110111110100
000001111011110111110101
000001111011110111110110
000001111011110111110111
000001111011110111111000
000001111011110111111001
000001111011110111111010
000001111011110111111011
000001111011110111111100
000001111011110111111101
000001111011110111111110
000001111011110111111111
000001111011111000000000
000001111011111000000001
000001111011111000000010
000001111011111000000011
000001111011111000000100
000001111011111000000101
000001111011111000000110
000001111011111000000111
000001111011111000001000
000001111011111000001001
000001111011111000001010
000001111011111000001011
000001111011111000001100
000001111011111000001101
000001111011111000001110
000001111011111000001111
000001111011111000010000
000001111011111000010001
000001111011111000010010
000001111011111000010011
000001111011111000010100
000001111011111000010101
000001111011111000010110
000001111011111000010111
000001111011111000011000
000001111011111000011001
000001111011111000011010
000001111011111000011011
000001111011111000011100
000001111011111000011101
000001111011111000011110
000001111011111000011111
000001111011111000100000
000001111011111000100001
000001111011111000100010
000001111011111000100011
000001111011111000100100
000001111011111000100101
000001111011111000100110
000001111011111000100111
000001111011111000101000
000001111011111000101001
000001111011111000101010
000001111011111000101011
000001111011111000101100
000001111011111000101101
000001111011111000101110
000001111011111000101111
000001111011111000110000
000001111011111000110001
000001111011111000110010
000001111011111000110011
000001111011111000110100
000001111011111000110101
000001111011111000110110
000001111011111000110111
000001111011111000111000
000001111011111000111001
000001111011111000111010
000001111011111000111011
000001111011111000111100
000001111011111000111101
000001111011111000111110
000001111011111000111111
000001111011111001000000
000001111011111001000001
000001111011111001000010
000001111011111001000011
000001111011111001000100
000001111011111001000101
000001111011111001000110
000001111011111001000111
000001111011111001001000
000001111011111001001001
000001111011111001001010
000001111011111001001011
000001111011111001001100
000001111011111001001101
000001111011111001001110
000001111011111001001111
000001111011111001010000
000001111011111001010001
000001111011111001010010
000001111011111001010011
000001111011111001010100
000001111011111001010101
000001111011111001010110
000001111011111001010111
000001111011111001011000
000001111011111001011001
000001111011111001011010
000001111011111001011011
000001111011111001011100
000001111011111001011101
000001111011111001011110
000001111011111001011111
000001111011111001100000
000001111011111001100001
000001111011111001100010
000001111011111001100011
000001111011111001100100
000001111011111001100101
000001111011111001100110
000001111011111001100111
000001111011111001101000
000001111011111001101001
000001111011111001101010
000001111011111001101011
000001111011111001101100
000001111011111001101101
000001111011111001101110
000001111011111001101111
000001111011111001110000
000001111011111001110001
000001111011111001110010
000001111011111001110011
000001111011111001110100
000001111011111001110101
000001111011111001110110
000001111011111001110111
000001111011111001111000
000001111011111001111001
000001111011111001111010
000001111011111001111011
000001111011111001111100
000001111011111001111101
000001111011111001111110
000001111011111001111111
000001111011111010000000
000001111011111010000001
000001111011111010000010
000001111011111010000011
000001111011111010000100
000001111011111010000101
000001111011111010000110
000001111011111010000111
000001111011111010001000
000001111011111010001001
000001111011111010001010
000001111011111010001011
000001111011111010001100
000001111011111010001101
000001111011111010001110
000001111011111010001111
000001111011111010010000
000001111011111010010001
000001111011111010010010
000001111011111010010011
000001111011111010010100
000001111011111010010101
000001111011111010010110
000001111011111010010111
000001111011111010011000
000001111011111010011001
000001111011111010011010
000001111011111010011011
000001111011111010011100
000001111011111010011101
000001111011111010011110
000001111011111010011111
000001111011111010100000
000001111011111010100001
000001111011111010100010
000001111011111010100011
000001111011111010100100
000001111011111010100101
000001111011111010100110
000001111011111010100111
000001111011111010101000
000001111011111010101001
000001111011111010101010
000001111011111010101011
000001111011111010101100
000001111011111010101101
000001111011111010101110
000001111011111010101111
000001111011111010110000
000001111011111010110001
000001111011111010110010
000001111011111010110011
000001111011111010110100
000001111011111010110101
000001111011111010110110
000001111011111010110111
000001111011111010111000
000001111011111010111001
000001111011111010111010
000001111011111010111011
000001111011111010111100
000001111011111010111101
000001111011111010111110
000001111011111010111111
000001111011111011000000
000001111011111011000001
000001111011111011000010
000001111011111011000011
000001111011111011000100
000001111011111011000101
000001111011111011000110
000001111011111011000111
000001111011111011001000
000001111011111011001001
000001111011111011001010
000001111011111011001011
000001111011111011001100
000001111011111011001101
000001111011111011001110
000001111011111011001111
000001111011111011010000
000001111011111011010001
000001111011111011010010
000001111011111011010011
000001111011111011010100
000001111011111011010101
000001111011111011010110
000001111011111011010111
000001111011111011011000
000001111011111011011001
000001111011111011011010
000001111011111011011011
000001111011111011011100
000001111011111011011101
000001111011111011011110
000001111011111011011111
000001111011111011100000
000001111011111011100001
000001111011111011100010
000001111011111011100011
000001111011111011100100
000001111011111011100101
000001111011111011100110
000001111011111011100111
000001111011111011101000
000001111011111011101001
000001111011111011101010
000001111011111011101011
000001111011111011101100
000001111011111011101101
000001111011111011101110
000001111011111011101111
000001111011111011110000
000001111011111011110001
000001111011111011110010
000001111011111011110011
000001111011111011110100
000001111011111011110101
000001111011111011110110
000001111011111011110111
000001111011111011111000
000001111011111011111001
000001111011111011111010
000001111011111011111011
000001111011111011111100
000001111011111011111101
000001111011111011111110
000001111011111011111111
000001111011111100000000
000001111011111100000001
000001111011111100000010
000001111011111100000011
000001111011111100000100
000001111011111100000101
000001111011111100000110
000001111011111100000111
000001111011111100001000
000001111011111100001001
000001111011111100001010
000001111011111100001011
000001111011111100001100
000001111011111100001101
000001111011111100001110
000001111011111100001111
000001111011111100010000
000001111011111100010001
000001111011111100010010
000001111011111100010011
000001111011111100010100
000001111011111100010101
000001111011111100010110
000001111011111100010111
000001111011111100011000
000001111011111100011001
000001111011111100011010
000001111011111100011011
000001111011111100011100
000001111011111100011101
000001111011111100011110
000001111011111100011111
000001111011111100100000
000001111011111100100001
000001111011111100100010
000001111011111100100011
000001111011111100100100
000001111011111100100101
000001111011111100100110
000001111011111100100111
000001111011111100101000
000001111011111100101001
000001111011111100101010
000001111011111100101011
000001111011111100101100
000001111011111100101101
000001111011111100101110
000001111011111100101111
000001111011111100110000
000001111011111100110001
000001111011111100110010
000001111011111100110011
000001111011111100110100
000001111011111100110101
000001111011111100110110
000001111011111100110111
000001111011111100111000
000001111011111100111001
000001111011111100111010
000001111011111100111011
000001111011111100111100
000001111011111100111101
000001111011111100111110
000001111011111100111111
000001111011111101000000
000001111011111101000001
000001111011111101000010
000001111011111101000011
000001111011111101000100
000001111011111101000101
000001111011111101000110
000001111011111101000111
000001111011111101001000
000001111011111101001001
000001111011111101001010
000001111011111101001011
000001111011111101001100
000001111011111101001101
000001111011111101001110
000001111011111101001111
000001111011111101010000
000001111011111101010001
000001111011111101010010
000001111011111101010011
000001111011111101010100
000001111011111101010101
000001111011111101010110
000001111011111101010111
000001111011111101011000
000001111011111101011001
000001111011111101011010
000001111011111101011011
000001111011111101011100
000001111011111101011101
000001111011111101011110
000001111011111101011111
000001111011111101100000
000001111011111101100001
000001111011111101100010
000001111011111101100011
000001111011111101100100
000001111011111101100101
000001111011111101100110
000001111011111101100111
000001111011111101101000
000001111011111101101001
000001111011111101101010
000001111011111101101011
000001111011111101101100
000001111011111101101101
000001111011111101101110
000001111011111101101111
000001111011111101110000
000001111011111101110001
000001111011111101110010
000001111011111101110011
000001111011111101110100
000001111011111101110101
000001111011111101110110
000001111011111101110111
000001111011111101111000
000001111011111101111001
000001111011111101111010
000001111011111101111011
000001111011111101111100
000001111011111101111101
000001111011111101111110
000001111011111101111111
000001111011111110000000
000001111011111110000001
000001111011111110000010
000001111011111110000011
000001111011111110000100
000001111011111110000101
000001111011111110000110
000001111011111110000111
000001111011111110001000
000001111011111110001001
000001111011111110001010
000001111011111110001011
000001111011111110001100
000001111011111110001101
000001111011111110001110
000001111011111110001111
000001111011111110010000
000001111011111110010001
000001111011111110010010
000001111011111110010011
000001111011111110010100
000001111011111110010101
000001111011111110010110
000001111011111110010111
000001111011111110011000
000001111011111110011001
000001111011111110011010
000001111011111110011011
000001111011111110011100
000001111011111110011101
000001111011111110011110
000001111011111110011111
000001111011111110100000
000001111011111110100001
000001111011111110100010
000001111011111110100011
000001111011111110100100
000001111011111110100101
000001111011111110100110
000001111011111110100111
000001111011111110101000
000001111011111110101001
000001111011111110101010
000001111011111110101011
000001111011111110101100
000001111011111110101101
000001111011111110101110
000001111011111110101111
000001111011111110110000
000001111011111110110001
000001111011111110110010
000001111011111110110011
000001111011111110110100
000001111011111110110101
000001111011111110110110
000001111011111110110111
000001111011111110111000
000001111011111110111001
000001111011111110111010
000001111011111110111011
000001111011111110111100
000001111011111110111101
000001111011111110111110
000001111011111110111111
000001111011111111000000
000001111011111111000001
000001111011111111000010
000001111011111111000011
000001111011111111000100
000001111011111111000101
000001111011111111000110
000001111011111111000111
000001111011111111001000
000001111011111111001001
000001111011111111001010
000001111011111111001011
000001111011111111001100
000001111011111111001101
000001111011111111001110
000001111011111111001111
000001111011111111010000
000001111011111111010001
000001111011111111010010
000001111011111111010011
000001111011111111010100
000001111011111111010101
000001111011111111010110
000001111011111111010111
000001111011111111011000
000001111011111111011001
000001111011111111011010
000001111011111111011011
000001111011111111011100
000001111011111111011101
000001111011111111011110
000001111011111111011111
000001111011111111100000
000001111011111111100001
000001111011111111100010
000001111011111111100011
000001111011111111100100
000001111011111111100101
000001111011111111100110
000001111011111111100111
000001111011111111101000
000001111011111111101001
000001111011111111101010
000001111011111111101011
000001111011111111101100
000001111011111111101101
000001111011111111101110
000001111011111111101111
000001111011111111110000
000001111011111111110001
000001111011111111110010
000001111011111111110011
000001111011111111110100
000001111011111111110101
000001111011111111110110
000001111011111111110111
000001111011111111111000
000001111011111111111001
000001111011111111111010
000001111011111111111011
000001111011111111111100
000001111011111111111101
000001111011111111111110
000001111011111111111111
000001111100000000000000
000001111100000000000001
000001111100000000000010
000001111100000000000011
000001111100000000000100
000001111100000000000101
000001111100000000000110
000001111100000000000111
000001111100000000001000
000001111100000000001001
000001111100000000001010
000001111100000000001011
000001111100000000001100
000001111100000000001101
000001111100000000001110
000001111100000000001111
000001111100000000010000
000001111100000000010001
000001111100000000010010
000001111100000000010011
000001111100000000010100
000001111100000000010101
000001111100000000010110
000001111100000000010111
000001111100000000011000
000001111100000000011001
000001111100000000011010
000001111100000000011011
000001111100000000011100
000001111100000000011101
000001111100000000011110
000001111100000000011111
000001111100000000100000
000001111100000000100001
000001111100000000100010
000001111100000000100011
000001111100000000100100
000001111100000000100101
000001111100000000100110
000001111100000000100111
000001111100000000101000
000001111100000000101001
000001111100000000101010
000001111100000000101011
000001111100000000101100
000001111100000000101101
000001111100000000101110
000001111100000000101111
000001111100000000110000
000001111100000000110001
000001111100000000110010
000001111100000000110011
000001111100000000110100
000001111100000000110101
000001111100000000110110
000001111100000000110111
000001111100000000111000
000001111100000000111001
000001111100000000111010
000001111100000000111011
000001111100000000111100
000001111100000000111101
000001111100000000111110
000001111100000000111111
000001111100000001000000
000001111100000001000001
000001111100000001000010
000001111100000001000011
000001111100000001000100
000001111100000001000101
000001111100000001000110
000001111100000001000111
000001111100000001001000
000001111100000001001001
000001111100000001001010
000001111100000001001011
000001111100000001001100
000001111100000001001101
000001111100000001001110
000001111100000001001111
000001111100000001010000
000001111100000001010001
000001111100000001010010
000001111100000001010011
000001111100000001010100
000001111100000001010101
000001111100000001010110
000001111100000001010111
000001111100000001011000
000001111100000001011001
000001111100000001011010
000001111100000001011011
000001111100000001011100
000001111100000001011101
000001111100000001011110
000001111100000001011111
000001111100000001100000
000001111100000001100001
000001111100000001100010
000001111100000001100011
000001111100000001100100
000001111100000001100101
000001111100000001100110
000001111100000001100111
000001111100000001101000
000001111100000001101001
000001111100000001101010
000001111100000001101011
000001111100000001101100
000001111100000001101101
000001111100000001101110
000001111100000001101111
000001111100000001110000
000001111100000001110001
000001111100000001110010
000001111100000001110011
000001111100000001110100
000001111100000001110101
000001111100000001110110
000001111100000001110111
000001111100000001111000
000001111100000001111001
000001111100000001111010
000001111100000001111011
000001111100000001111100
000001111100000001111101
000001111100000001111110
000001111100000001111111
000001111100000010000000
000001111100000010000001
000001111100000010000010
000001111100000010000011
000001111100000010000100
000001111100000010000101
000001111100000010000110
000001111100000010000111
000001111100000010001000
000001111100000010001001
000001111100000010001010
000001111100000010001011
000001111100000010001100
000001111100000010001101
000001111100000010001110
000001111100000010001111
000001111100000010010000
000001111100000010010001
000001111100000010010010
000001111100000010010011
000001111100000010010100
000001111100000010010101
000001111100000010010110
000001111100000010010111
000001111100000010011000
000001111100000010011001
000001111100000010011010
000001111100000010011011
000001111100000010011100
000001111100000010011101
000001111100000010011110
000001111100000010011111
000001111100000010100000
000001111100000010100001
000001111100000010100010
000001111100000010100011
000001111100000010100100
000001111100000010100101
000001111100000010100110
000001111100000010100111
000001111100000010101000
000001111100000010101001
000001111100000010101010
000001111100000010101011
000001111100000010101100
000001111100000010101101
000001111100000010101110
000001111100000010101111
000001111100000010110000
000001111100000010110001
000001111100000010110010
000001111100000010110011
000001111100000010110100
000001111100000010110101
000001111100000010110110
000001111100000010110111
000001111100000010111000
000001111100000010111001
000001111100000010111010
000001111100000010111011
000001111100000010111100
000001111100000010111101
000001111100000010111110
000001111100000010111111
000001111100000011000000
000001111100000011000001
000001111100000011000010
000001111100000011000011
000001111100000011000100
000001111100000011000101
000001111100000011000110
000001111100000011000111
000001111100000011001000
000001111100000011001001
000001111100000011001010
000001111100000011001011
000001111100000011001100
000001111100000011001101
000001111100000011001110
000001111100000011001111
000001111100000011010000
000001111100000011010001
000001111100000011010010
000001111100000011010011
000001111100000011010100
000001111100000011010101
000001111100000011010110
000001111100000011010111
000001111100000011011000
000001111100000011011001
000001111100000011011010
000001111100000011011011
000001111100000011011100
000001111100000011011101
000001111100000011011110
000001111100000011011111
000001111100000011100000
000001111100000011100001
000001111100000011100010
000001111100000011100011
000001111100000011100100
000001111100000011100101
000001111100000011100110
000001111100000011100111
000001111100000011101000
000001111100000011101001
000001111100000011101010
000001111100000011101011
000001111100000011101100
000001111100000011101101
000001111100000011101110
000001111100000011101111
000001111100000011110000
000001111100000011110001
000001111100000011110010
000001111100000011110011
000001111100000011110100
000001111100000011110101
000001111100000011110110
000001111100000011110111
000001111100000011111000
000001111100000011111001
000001111100000011111010
000001111100000011111011
000001111100000011111100
000001111100000011111101
000001111100000011111110
000001111100000011111111
000001111100000100000000
000001111100000100000001
000001111100000100000010
000001111100000100000011
000001111100000100000100
000001111100000100000101
000001111100000100000110
000001111100000100000111
000001111100000100001000
000001111100000100001001
000001111100000100001010
000001111100000100001011
000001111100000100001100
000001111100000100001101
000001111100000100001110
000001111100000100001111
000001111100000100010000
000001111100000100010001
000001111100000100010010
000001111100000100010011
000001111100000100010100
000001111100000100010101
000001111100000100010110
000001111100000100010111
000001111100000100011000
000001111100000100011001
000001111100000100011010
000001111100000100011011
000001111100000100011100
000001111100000100011101
000001111100000100011110
000001111100000100011111
000001111100000100100000
000001111100000100100001
000001111100000100100010
000001111100000100100011
000001111100000100100100
000001111100000100100101
000001111100000100100110
000001111100000100100111
000001111100000100101000
000001111100000100101001
000001111100000100101010
000001111100000100101011
000001111100000100101100
000001111100000100101101
000001111100000100101110
000001111100000100101111
000001111100000100110000
000001111100000100110001
000001111100000100110010
000001111100000100110011
000001111100000100110100
000001111100000100110101
000001111100000100110110
000001111100000100110111
000001111100000100111000
000001111100000100111001
000001111100000100111010
000001111100000100111011
000001111100000100111100
000001111100000100111101
000001111100000100111110
000001111100000100111111
000001111100000101000000
000001111100000101000001
000001111100000101000010
000001111100000101000011
000001111100000101000100
000001111100000101000101
000001111100000101000110
000001111100000101000111
000001111100000101001000
000001111100000101001001
000001111100000101001010
000001111100000101001011
000001111100000101001100
000001111100000101001101
000001111100000101001110
000001111100000101001111
000001111100000101010000
000001111100000101010001
000001111100000101010010
000001111100000101010011
000001111100000101010100
000001111100000101010101
000001111100000101010110
000001111100000101010111
000001111100000101011000
000001111100000101011001
000001111100000101011010
000001111100000101011011
000001111100000101011100
000001111100000101011101
000001111100000101011110
000001111100000101011111
000001111100000101100000
000001111100000101100001
000001111100000101100010
000001111100000101100011
000001111100000101100100
000001111100000101100101
000001111100000101100110
000001111100000101100111
000001111100000101101000
000001111100000101101001
000001111100000101101010
000001111100000101101011
000001111100000101101100
000001111100000101101101
000001111100000101101110
000001111100000101101111
000001111100000101110000
000001111100000101110001
000001111100000101110010
000001111100000101110011
000001111100000101110100
000001111100000101110101
000001111100000101110110
000001111100000101110111
000001111100000101111000
000001111100000101111001
000001111100000101111010
000001111100000101111011
000001111100000101111100
000001111100000101111101
000001111100000101111110
000001111100000101111111
000001111100000110000000
000001111100000110000001
000001111100000110000010
000001111100000110000011
000001111100000110000100
000001111100000110000101
000001111100000110000110
000001111100000110000111
000001111100000110001000
000001111100000110001001
000001111100000110001010
