000001111010011011111100
000001111010011011111101
000001111010011011111110
000001111010011011111111
000001111010011100000000
000001111010011100000001
000001111010011100000010
000001111010011100000011
000001111010011100000100
000001111010011100000101
000001111010011100000110
000001111010011100000111
000001111010011100001000
000001111010011100001001
000001111010011100001010
000001111010011100001011
000001111010011100001100
000001111010011100001101
000001111010011100001110
000001111010011100001111
000001111010011100010000
000001111010011100010001
000001111010011100010010
000001111010011100010011
000001111010011100010100
000001111010011100010101
000001111010011100010110
000001111010011100010111
000001111010011100011000
000001111010011100011001
000001111010011100011010
000001111010011100011011
000001111010011100011100
000001111010011100011101
000001111010011100011110
000001111010011100011111
000001111010011100100000
000001111010011100100001
000001111010011100100010
000001111010011100100011
000001111010011100100100
000001111010011100100101
000001111010011100100110
000001111010011100100111
000001111010011100101000
000001111010011100101001
000001111010011100101010
000001111010011100101011
000001111010011100101100
000001111010011100101101
000001111010011100101110
000001111010011100101111
000001111010011100110000
000001111010011100110001
000001111010011100110010
000001111010011100110011
000001111010011100110100
000001111010011100110101
000001111010011100110110
000001111010011100110111
000001111010011100111000
000001111010011100111001
000001111010011100111010
000001111010011100111011
000001111010011100111100
000001111010011100111101
000001111010011100111110
000001111010011100111111
000001111010011101000000
000001111010011101000001
000001111010011101000010
000001111010011101000011
000001111010011101000100
000001111010011101000101
000001111010011101000110
000001111010011101000111
000001111010011101001000
000001111010011101001001
000001111010011101001010
000001111010011101001011
000001111010011101001100
000001111010011101001101
000001111010011101001110
000001111010011101001111
000001111010011101010000
000001111010011101010001
000001111010011101010010
000001111010011101010011
000001111010011101010100
000001111010011101010101
000001111010011101010110
000001111010011101010111
000001111010011101011000
000001111010011101011001
000001111010011101011010
000001111010011101011011
000001111010011101011100
000001111010011101011101
000001111010011101011110
000001111010011101011111
000001111010011101100000
000001111010011101100001
000001111010011101100010
000001111010011101100011
000001111010011101100100
000001111010011101100101
000001111010011101100110
000001111010011101100111
000001111010011101101000
000001111010011101101001
000001111010011101101010
000001111010011101101011
000001111010011101101100
000001111010011101101101
000001111010011101101110
000001111010011101101111
000001111010011101110000
000001111010011101110001
000001111010011101110010
000001111010011101110011
000001111010011101110100
000001111010011101110101
000001111010011101110110
000001111010011101110111
000001111010011101111000
000001111010011101111001
000001111010011101111010
000001111010011101111011
000001111010011101111100
000001111010011101111101
000001111010011101111110
000001111010011101111111
000001111010011110000000
000001111010011110000001
000001111010011110000010
000001111010011110000011
000001111010011110000100
000001111010011110000101
000001111010011110000110
000001111010011110000111
000001111010011110001000
000001111010011110001001
000001111010011110001010
000001111010011110001011
000001111010011110001100
000001111010011110001101
000001111010011110001110
000001111010011110001111
000001111010011110010000
000001111010011110010001
000001111010011110010010
000001111010011110010011
000001111010011110010100
000001111010011110010101
000001111010011110010110
000001111010011110010111
000001111010011110011000
000001111010011110011001
000001111010011110011010
000001111010011110011011
000001111010011110011100
000001111010011110011101
000001111010011110011110
000001111010011110011111
000001111010011110100000
000001111010011110100001
000001111010011110100010
000001111010011110100011
000001111010011110100100
000001111010011110100101
000001111010011110100110
000001111010011110100111
000001111010011110101000
000001111010011110101001
000001111010011110101010
000001111010011110101011
000001111010011110101100
000001111010011110101101
000001111010011110101110
000001111010011110101111
000001111010011110110000
000001111010011110110001
000001111010011110110010
000001111010011110110011
000001111010011110110100
000001111010011110110101
000001111010011110110110
000001111010011110110111
000001111010011110111000
000001111010011110111001
000001111010011110111010
000001111010011110111011
000001111010011110111100
000001111010011110111101
000001111010011110111110
000001111010011110111111
000001111010011111000000
000001111010011111000001
000001111010011111000010
000001111010011111000011
000001111010011111000100
000001111010011111000101
000001111010011111000110
000001111010011111000111
000001111010011111001000
000001111010011111001001
000001111010011111001010
000001111010011111001011
000001111010011111001100
000001111010011111001101
000001111010011111001110
000001111010011111001111
000001111010011111010000
000001111010011111010001
000001111010011111010010
000001111010011111010011
000001111010011111010100
000001111010011111010101
000001111010011111010110
000001111010011111010111
000001111010011111011000
000001111010011111011001
000001111010011111011010
000001111010011111011011
000001111010011111011100
000001111010011111011101
000001111010011111011110
000001111010011111011111
000001111010011111100000
000001111010011111100001
000001111010011111100010
000001111010011111100011
000001111010011111100100
000001111010011111100101
000001111010011111100110
000001111010011111100111
000001111010011111101000
000001111010011111101001
000001111010011111101010
000001111010011111101011
000001111010011111101100
000001111010011111101101
000001111010011111101110
000001111010011111101111
000001111010011111110000
000001111010011111110001
000001111010011111110010
000001111010011111110011
000001111010011111110100
000001111010011111110101
000001111010011111110110
000001111010011111110111
000001111010011111111000
000001111010011111111001
000001111010011111111010
000001111010011111111011
000001111010011111111100
000001111010011111111101
000001111010011111111110
000001111010011111111111
000001111010100000000000
000001111010100000000001
000001111010100000000010
000001111010100000000011
000001111010100000000100
000001111010100000000101
000001111010100000000110
000001111010100000000111
000001111010100000001000
000001111010100000001001
000001111010100000001010
000001111010100000001011
000001111010100000001100
000001111010100000001101
000001111010100000001110
000001111010100000001111
000001111010100000010000
000001111010100000010001
000001111010100000010010
000001111010100000010011
000001111010100000010100
000001111010100000010101
000001111010100000010110
000001111010100000010111
000001111010100000011000
000001111010100000011001
000001111010100000011010
000001111010100000011011
000001111010100000011100
000001111010100000011101
000001111010100000011110
000001111010100000011111
000001111010100000100000
000001111010100000100001
000001111010100000100010
000001111010100000100011
000001111010100000100100
000001111010100000100101
000001111010100000100110
000001111010100000100111
000001111010100000101000
000001111010100000101001
000001111010100000101010
000001111010100000101011
000001111010100000101100
000001111010100000101101
000001111010100000101110
000001111010100000101111
000001111010100000110000
000001111010100000110001
000001111010100000110010
000001111010100000110011
000001111010100000110100
000001111010100000110101
000001111010100000110110
000001111010100000110111
000001111010100000111000
000001111010100000111001
000001111010100000111010
000001111010100000111011
000001111010100000111100
000001111010100000111101
000001111010100000111110
000001111010100000111111
000001111010100001000000
000001111010100001000001
000001111010100001000010
000001111010100001000011
000001111010100001000100
000001111010100001000101
000001111010100001000110
000001111010100001000111
000001111010100001001000
000001111010100001001001
000001111010100001001010
000001111010100001001011
000001111010100001001100
000001111010100001001101
000001111010100001001110
000001111010100001001111
000001111010100001010000
000001111010100001010001
000001111010100001010010
000001111010100001010011
000001111010100001010100
000001111010100001010101
000001111010100001010110
000001111010100001010111
000001111010100001011000
000001111010100001011001
000001111010100001011010
000001111010100001011011
000001111010100001011100
000001111010100001011101
000001111010100001011110
000001111010100001011111
000001111010100001100000
000001111010100001100001
000001111010100001100010
000001111010100001100011
000001111010100001100100
000001111010100001100101
000001111010100001100110
000001111010100001100111
000001111010100001101000
000001111010100001101001
000001111010100001101010
000001111010100001101011
000001111010100001101100
000001111010100001101101
000001111010100001101110
000001111010100001101111
000001111010100001110000
000001111010100001110001
000001111010100001110010
000001111010100001110011
000001111010100001110100
000001111010100001110101
000001111010100001110110
000001111010100001110111
000001111010100001111000
000001111010100001111001
000001111010100001111010
000001111010100001111011
000001111010100001111100
000001111010100001111101
000001111010100001111110
000001111010100001111111
000001111010100010000000
000001111010100010000001
000001111010100010000010
000001111010100010000011
000001111010100010000100
000001111010100010000101
000001111010100010000110
000001111010100010000111
000001111010100010001000
000001111010100010001001
000001111010100010001010
000001111010100010001011
000001111010100010001100
000001111010100010001101
000001111010100010001110
000001111010100010001111
000001111010100010010000
000001111010100010010001
000001111010100010010010
000001111010100010010011
000001111010100010010100
000001111010100010010101
000001111010100010010110
000001111010100010010111
000001111010100010011000
000001111010100010011001
000001111010100010011010
000001111010100010011011
000001111010100010011100
000001111010100010011101
000001111010100010011110
000001111010100010011111
000001111010100010100000
000001111010100010100001
000001111010100010100010
000001111010100010100011
000001111010100010100100
000001111010100010100101
000001111010100010100110
000001111010100010100111
000001111010100010101000
000001111010100010101001
000001111010100010101010
000001111010100010101011
000001111010100010101100
000001111010100010101101
000001111010100010101110
000001111010100010101111
000001111010100010110000
000001111010100010110001
000001111010100010110010
000001111010100010110011
000001111010100010110100
000001111010100010110101
000001111010100010110110
000001111010100010110111
000001111010100010111000
000001111010100010111001
000001111010100010111010
000001111010100010111011
000001111010100010111100
000001111010100010111101
000001111010100010111110
000001111010100010111111
000001111010100011000000
000001111010100011000001
000001111010100011000010
000001111010100011000011
000001111010100011000100
000001111010100011000101
000001111010100011000110
000001111010100011000111
000001111010100011001000
000001111010100011001001
000001111010100011001010
000001111010100011001011
000001111010100011001100
000001111010100011001101
000001111010100011001110
000001111010100011001111
000001111010100011010000
000001111010100011010001
000001111010100011010010
000001111010100011010011
000001111010100011010100
000001111010100011010101
000001111010100011010110
000001111010100011010111
000001111010100011011000
000001111010100011011001
000001111010100011011010
000001111010100011011011
000001111010100011011100
000001111010100011011101
000001111010100011011110
000001111010100011011111
000001111010100011100000
000001111010100011100001
000001111010100011100010
000001111010100011100011
000001111010100011100100
000001111010100011100101
000001111010100011100110
000001111010100011100111
000001111010100011101000
000001111010100011101001
000001111010100011101010
000001111010100011101011
000001111010100011101100
000001111010100011101101
000001111010100011101110
000001111010100011101111
000001111010100011110000
000001111010100011110001
000001111010100011110010
000001111010100011110011
000001111010100011110100
000001111010100011110101
000001111010100011110110
000001111010100011110111
000001111010100011111000
000001111010100011111001
000001111010100011111010
000001111010100011111011
000001111010100011111100
000001111010100011111101
000001111010100011111110
000001111010100011111111
000001111010100100000000
000001111010100100000001
000001111010100100000010
000001111010100100000011
000001111010100100000100
000001111010100100000101
000001111010100100000110
000001111010100100000111
000001111010100100001000
000001111010100100001001
000001111010100100001010
000001111010100100001011
000001111010100100001100
000001111010100100001101
000001111010100100001110
000001111010100100001111
000001111010100100010000
000001111010100100010001
000001111010100100010010
000001111010100100010011
000001111010100100010100
000001111010100100010101
000001111010100100010110
000001111010100100010111
000001111010100100011000
000001111010100100011001
000001111010100100011010
000001111010100100011011
000001111010100100011100
000001111010100100011101
000001111010100100011110
000001111010100100011111
000001111010100100100000
000001111010100100100001
000001111010100100100010
000001111010100100100011
000001111010100100100100
000001111010100100100101
000001111010100100100110
000001111010100100100111
000001111010100100101000
000001111010100100101001
000001111010100100101010
000001111010100100101011
000001111010100100101100
000001111010100100101101
000001111010100100101110
000001111010100100101111
000001111010100100110000
000001111010100100110001
000001111010100100110010
000001111010100100110011
000001111010100100110100
000001111010100100110101
000001111010100100110110
000001111010100100110111
000001111010100100111000
000001111010100100111001
000001111010100100111010
000001111010100100111011
000001111010100100111100
000001111010100100111101
000001111010100100111110
000001111010100100111111
000001111010100101000000
000001111010100101000001
000001111010100101000010
000001111010100101000011
000001111010100101000100
000001111010100101000101
000001111010100101000110
000001111010100101000111
000001111010100101001000
000001111010100101001001
000001111010100101001010
000001111010100101001011
000001111010100101001100
000001111010100101001101
000001111010100101001110
000001111010100101001111
000001111010100101010000
000001111010100101010001
000001111010100101010010
000001111010100101010011
000001111010100101010100
000001111010100101010101
000001111010100101010110
000001111010100101010111
000001111010100101011000
000001111010100101011001
000001111010100101011010
000001111010100101011011
000001111010100101011100
000001111010100101011101
000001111010100101011110
000001111010100101011111
000001111010100101100000
000001111010100101100001
000001111010100101100010
000001111010100101100011
000001111010100101100100
000001111010100101100101
000001111010100101100110
000001111010100101100111
000001111010100101101000
000001111010100101101001
000001111010100101101010
000001111010100101101011
000001111010100101101100
000001111010100101101101
000001111010100101101110
000001111010100101101111
000001111010100101110000
000001111010100101110001
000001111010100101110010
000001111010100101110011
000001111010100101110100
000001111010100101110101
000001111010100101110110
000001111010100101110111
000001111010100101111000
000001111010100101111001
000001111010100101111010
000001111010100101111011
000001111010100101111100
000001111010100101111101
000001111010100101111110
000001111010100101111111
000001111010100110000000
000001111010100110000001
000001111010100110000010
000001111010100110000011
000001111010100110000100
000001111010100110000101
000001111010100110000110
000001111010100110000111
000001111010100110001000
000001111010100110001001
000001111010100110001010
000001111010100110001011
000001111010100110001100
000001111010100110001101
000001111010100110001110
000001111010100110001111
000001111010100110010000
000001111010100110010001
000001111010100110010010
000001111010100110010011
000001111010100110010100
000001111010100110010101
000001111010100110010110
000001111010100110010111
000001111010100110011000
000001111010100110011001
000001111010100110011010
000001111010100110011011
000001111010100110011100
000001111010100110011101
000001111010100110011110
000001111010100110011111
000001111010100110100000
000001111010100110100001
000001111010100110100010
000001111010100110100011
000001111010100110100100
000001111010100110100101
000001111010100110100110
000001111010100110100111
000001111010100110101000
000001111010100110101001
000001111010100110101010
000001111010100110101011
000001111010100110101100
000001111010100110101101
000001111010100110101110
000001111010100110101111
000001111010100110110000
000001111010100110110001
000001111010100110110010
000001111010100110110011
000001111010100110110100
000001111010100110110101
000001111010100110110110
000001111010100110110111
000001111010100110111000
000001111010100110111001
000001111010100110111010
000001111010100110111011
000001111010100110111100
000001111010100110111101
000001111010100110111110
000001111010100110111111
000001111010100111000000
000001111010100111000001
000001111010100111000010
000001111010100111000011
000001111010100111000100
000001111010100111000101
000001111010100111000110
000001111010100111000111
000001111010100111001000
000001111010100111001001
000001111010100111001010
000001111010100111001011
000001111010100111001100
000001111010100111001101
000001111010100111001110
000001111010100111001111
000001111010100111010000
000001111010100111010001
000001111010100111010010
000001111010100111010011
000001111010100111010100
000001111010100111010101
000001111010100111010110
000001111010100111010111
000001111010100111011000
000001111010100111011001
000001111010100111011010
000001111010100111011011
000001111010100111011100
000001111010100111011101
000001111010100111011110
000001111010100111011111
000001111010100111100000
000001111010100111100001
000001111010100111100010
000001111010100111100011
000001111010100111100100
000001111010100111100101
000001111010100111100110
000001111010100111100111
000001111010100111101000
000001111010100111101001
000001111010100111101010
000001111010100111101011
000001111010100111101100
000001111010100111101101
000001111010100111101110
000001111010100111101111
000001111010100111110000
000001111010100111110001
000001111010100111110010
000001111010100111110011
000001111010100111110100
000001111010100111110101
000001111010100111110110
000001111010100111110111
000001111010100111111000
000001111010100111111001
000001111010100111111010
000001111010100111111011
000001111010100111111100
000001111010100111111101
000001111010100111111110
000001111010100111111111
000001111010101000000000
000001111010101000000001
000001111010101000000010
000001111010101000000011
000001111010101000000100
000001111010101000000101
000001111010101000000110
000001111010101000000111
000001111010101000001000
000001111010101000001001
000001111010101000001010
000001111010101000001011
000001111010101000001100
000001111010101000001101
000001111010101000001110
000001111010101000001111
000001111010101000010000
000001111010101000010001
000001111010101000010010
000001111010101000010011
000001111010101000010100
000001111010101000010101
000001111010101000010110
000001111010101000010111
000001111010101000011000
000001111010101000011001
000001111010101000011010
